TCGA-GD-A2C5
0.0220772
0.0126156
0.00413268
0.0140294
0.0231648
0.018162
0.00554649
0.0171833
0.0163132
0.0114192
0.00369766
0.0105492
0
0
0
0
0.0104405
0.00424144
0.0021751
0.00946166
0.00924415
0.00511147
0.00326264
0.0133768
0.00380642
0.00369766
0.00130506
0.00609027
0
0
0
0
0.02882
0.0133768
0.0274062
0.0205546
0.0432844
0.0258836
0.0237085
0.0384992
0.0213159
0.0201196
0.0222947
0.0213159
0
0
0
0
0.0113105
0.00598151
0.0108755
0.0143556
0.00924415
0.00652529
0.011528
0.0104405
0.00630778
0.00380642
0.00772159
0.00630778
0.0155519
0.00652529
0.005764
0.0133768
0.0515498
0.00750408
0.0254486
0.0270799
0.0206634
0.00543774
0.012398
0.0131593
0.0178358
0.00435019
0.00924415
0.0113105
0.0235998
0.00652529
0.00804785
0.0178358
0.00271887
0.00130506
0.0021751
0.00467645
0.00271887
0.0023926
0.0023926
0.00467645
0.00195759
0.0011963
0.00261011
0.00282762
0.00565525
0.00250136
0.00369766
0.0112017
