TCGA-DK-A1A5
0.0145631
0.00958427
0.00547672
0.00672143
0.0174259
0.0112024
0.00547672
0.0115758
0.0138163
0.00784167
0.00311177
0.0118247
0
0
0
0
0.0134429
0.00535225
0.00211601
0.0134429
0.0139408
0.00435648
0.0029873
0.0164302
0.00585014
0.00435648
0.00199154
0.00821509
0
0
0
0
0.0337316
0.0182972
0.0383371
0.0238984
0.0573811
0.0329848
0.0339806
0.0553896
0.028006
0.0206622
0.0276326
0.028006
0
0
0
0
0.00672143
0.00435648
0.00746826
0.0139408
0.00659696
0.00448096
0.00609908
0.00572567
0.00348519
0.00199154
0.00273836
0.00286283
0.00958427
0.00448096
0.0047299
0.0112024
0.0492905
0.00746826
0.0222803
0.0246453
0.0166791
0.00360966
0.00933532
0.0110779
0.0173015
0.00448096
0.00970874
0.0114513
0.0206622
0.00572567
0.00933532
0.0168036
0.00360966
0.00236495
0.00273836
0.00485437
0.00311177
0.00199154
0.00522778
0.00497884
0.00124471
0.000622355
0.00261389
0.00398307
0.0038586
0.00224048
0.00348519
0.00734379
