TCGA-DK-A1AE
0.0351215
0.0182276
0.00222288
0.0183758
0.023118
0.0143746
0.00414938
0.0191168
0.0204505
0.0158566
0.00355661
0.0160047
0
0
0
0
0.0145228
0.00666864
0.00118554
0.0130409
0.00844695
0.00726141
0.00355661
0.0111144
0.00355661
0.00577949
0.00148192
0.00770599
0
0
0
0
0.0268228
0.014671
0.0314167
0.0222288
0.0317131
0.0248963
0.0228216
0.0294902
0.0238589
0.0195614
0.0271191
0.0189686
0
0
0
0
0.0106698
0.00859514
0.00637226
0.0168939
0.00622407
0.00711322
0.0056313
0.010818
0.00459395
0.00385299
0.00311203
0.00681683
0.0112626
0.00918791
0.00592768
0.0176349
0.030083
0.00726141
0.0182276
0.0297866
0.00859514
0.0074096
0.00755779
0.0106698
0.0106698
0.00474215
0.00844695
0.0127445
0.0158566
0.00844695
0.00815056
0.0176349
0.0056313
0.00266746
0.00711322
0.00889152
0.00459395
0.00459395
0.00459395
0.00607587
0.00281565
0.00222288
0.00400119
0.00340842
0.00474215
0.00533491
0.00844695
0.015412
