TCGA-BT-A20Q
0.0209143
0.01464
0.00268898
0.0095608
0.0128473
0.0134449
0.00209143
0.0113535
0.0182253
0.00926203
0.0035853
0.0128473
0
0
0
0
0.00776815
0.00448163
0.000298775
0.0128473
0.00657305
0.00687183
0.00209143
0.0104571
0.0035853
0.00328653
0.00149388
0.00627428
0
0
0
0
0.0233045
0.0116522
0.0657305
0.0206155
0.0322677
0.0316702
0.0543771
0.0355542
0.0215118
0.0256947
0.0684195
0.0349567
0
0
0
0
0.0113535
0.0071706
0.00567673
0.021213
0.00298775
0.00507918
0.00507918
0.0035853
0.00209143
0.00209143
0.00328653
0.0023902
0.0149388
0.00179265
0.00388408
0.0110547
0.0376457
0.0095608
0.0221094
0.023902
0.00627428
0.0059755
0.00926203
0.00896325
0.01464
0.00627428
0.00806693
0.0083657
0.0125486
0.00866448
0.00926203
0.0152375
0.00388408
0.00179265
0.00298775
0.0083657
0.0023902
0.00268898
0.00268898
0.00746938
0.000896325
0.00059755
0.0023902
0.00328653
0.00507918
0.00448163
0.0035853
0.0137437
