TCGA-BT-A3PH
0.020748
0.0111008
0.00237875
0.0101758
0.0211444
0.0174442
0.00422889
0.0142725
0.0125545
0.0104401
0.00198229
0.00885424
0
0
0
0
0.0183692
0.00634333
0.00171799
0.0185014
0.0231267
0.00528611
0.00198229
0.0245804
0.00687194
0.00568257
0.000925069
0.0105722
0
0
0
0
0.0299987
0.014669
0.0451962
0.0185014
0.0568257
0.0311881
0.0412317
0.0340954
0.0350205
0.0292058
0.0499537
0.0273556
0
0
0
0
0.00845778
0.00541826
0.00647549
0.0165191
0.00396458
0.00422889
0.00687194
0.00555042
0.00264306
0.00264306
0.00303951
0.00370028
0.0159905
0.00277521
0.00343597
0.0118937
0.0286772
0.00766486
0.014669
0.0188978
0.00885424
0.00528611
0.00594687
0.00766486
0.0140082
0.00422889
0.00647549
0.00885424
0.0130831
0.00555042
0.00740056
0.0114973
0.00264306
0.0025109
0.00185014
0.00607903
0.00211444
0.00158583
0.00211444
0.00488965
0.00171799
0.00171799
0.00264306
0.00356812
0.00317167
0.0025109
0.00370028
0.0122902
