TCGA-DK-A1A6
0.0183605
0.0116369
0.00459012
0.0116369
0.022692
0.0141583
0.00459012
0.0180372
0.0182312
0.0100207
0.00349108
0.0131239
0
0
0
0
0.0107318
0.00413757
0.00213344
0.0107965
0.0080812
0.00517197
0.00252133
0.011443
0.00400828
0.00433152
0.00168089
0.00633566
0
0
0
0
0.0314844
0.0153866
0.0256012
0.019007
0.053142
0.0327773
0.0251487
0.0451901
0.0195242
0.0142229
0.0216576
0.0149987
0
0
0
0
0.0106672
0.00581846
0.0073054
0.0132532
0.00685286
0.00601241
0.00853375
0.00853375
0.00555987
0.00252133
0.00471942
0.00575381
0.0135118
0.00517197
0.00601241
0.0117016
0.0649728
0.00640031
0.0262477
0.0241143
0.025084
0.00594776
0.0104086
0.0152573
0.0198474
0.00407292
0.0079519
0.0111844
0.0284458
0.00711146
0.0106025
0.0135764
0.00374968
0.00155159
0.00303853
0.00452547
0.00310318
0.00200414
0.00323248
0.00724076
0.00135764
0.00103439
0.00265063
0.00329713
0.00329713
0.00226274
0.00465477
0.00976209
