TCGA-BT-A20P
0.01473
0.00841711
0.0025719
0.00911854
0.0187047
0.0133271
0.00327332
0.00958616
0.0114566
0.00771569
0.0025719
0.00771569
0
0
0
0
0.00981997
0.00397475
0.00140285
0.0114566
0.0053776
0.00397475
0.00210428
0.0121581
0.00397475
0.00303951
0.00116904
0.00631284
0
0
0
0
0.0254852
0.0133271
0.0638298
0.0191723
0.0315642
0.0271218
0.0392799
0.0425532
0.0233809
0.026888
0.0565817
0.0332008
0
0
0
0
0.0123919
0.00631284
0.00654664
0.0191723
0.00327332
0.00490998
0.00490998
0.00467617
0.00303951
0.00210428
0.0025719
0.00350713
0.0161328
0.00514379
0.00444237
0.0107552
0.0425532
0.0114566
0.0250175
0.0313304
0.0112228
0.00607903
0.00935235
0.00841711
0.0166004
0.00701426
0.00888473
0.0144961
0.0166004
0.0100538
0.00654664
0.0166004
0.00607903
0.00163666
0.00140285
0.0119242
0.00327332
0.00233809
0.00397475
0.00607903
0.000701426
0.000467617
0.0025719
0.00350713
0.00584522
0.00210428
0.00397475
0.0156652
