TCGA-C4-A0F7
0.0267979
0.0225587
0.00242241
0.0178653
0.0204391
0.0140802
0.00302801
0.0152914
0.0145344
0.00968963
0.00317941
0.0109008
0
0
0
0
0.00968963
0.00681302
0.00211961
0.0130204
0.00893263
0.00605602
0.00211961
0.0134746
0.00666162
0.00560182
0.001514
0.00696442
0
0
0
0
0.0245269
0.0142316
0.0526874
0.0193793
0.0228615
0.0152914
0.0416351
0.0240727
0.0178653
0.012869
0.0436033
0.0198335
0
0
0
0
0.0154428
0.00999243
0.00968963
0.0192279
0.00696442
0.0102952
0.00938683
0.0145344
0.00575322
0.00484481
0.00620742
0.00938683
0.0133232
0.00741862
0.00484481
0.0193793
0.0208933
0.00741862
0.0149886
0.0219531
0.00817562
0.00620742
0.00984103
0.0134746
0.0102952
0.00711582
0.00847843
0.00878123
0.0139288
0.00847843
0.0115064
0.0154428
0.00499621
0.00317941
0.00348221
0.00666162
0.00211961
0.00333081
0.00378501
0.014383
0.00317941
0.0016654
0.00605602
0.00726722
0.00651022
0.00393641
0.00741862
0.0157456
