TCGA-FD-A3N6
0.0258279
0.0127861
0.00255722
0.0154712
0.0263393
0.0112518
0.00332438
0.0173891
0.0374632
0.0127861
0.00281294
0.019307
0
0
0
0
0.010996
0.00626518
0.00268508
0.010101
0.00831096
0.00639304
0.00281294
0.00946171
0.0052423
0.00319652
0.00140647
0.00652091
0
0
0
0
0.0278737
0.0124025
0.0469249
0.018412
0.0273622
0.0217364
0.0396369
0.0262115
0.021097
0.019307
0.0439841
0.0218642
0
0
0
0
0.00958957
0.00664877
0.00677663
0.0164941
0.00562588
0.00703235
0.00549802
0.010101
0.00306866
0.00434727
0.00268508
0.00626518
0.0145761
0.00690449
0.00421941
0.0126582
0.018412
0.00792738
0.0115075
0.0191791
0.00856668
0.0104846
0.00907812
0.0126582
0.0131697
0.00792738
0.00946171
0.0134254
0.0129139
0.0106125
0.00831096
0.0152154
0.00396369
0.00281294
0.00485871
0.00677663
0.0029408
0.00383583
0.00498657
0.0194349
0.0023015
0.00242936
0.00345224
0.00869454
0.0052423
0.00383583
0.00575374
0.0198184
