TCGA-BT-A20V
0.0229045
0.0179094
0.00231481
0.0177875
0.0176657
0.0142544
0.00194932
0.017422
0.0147417
0.00999025
0.00182749
0.0137671
0
0
0
0
0.0118177
0.00730994
0.00219298
0.0119396
0.00852827
0.00670078
0.00231481
0.0113304
0.00511696
0.00548246
0.00134016
0.00584795
0
0
0
0
0.0214425
0.0141326
0.0555556
0.0205897
0.024001
0.0168129
0.0425195
0.0233918
0.0209552
0.0162037
0.0534844
0.0192495
0
0
0
0
0.0105994
0.00755361
0.0101121
0.0183967
0.00730994
0.0086501
0.00682261
0.0140107
0.00475146
0.00389864
0.00633528
0.00901559
0.0205897
0.00596979
0.00548246
0.0157164
0.0214425
0.0104776
0.0146199
0.0229045
0.0103558
0.00901559
0.00950292
0.0116959
0.0103558
0.00755361
0.0082846
0.0130361
0.0113304
0.0119396
0.00633528
0.0163255
0.00523879
0.00292398
0.00609162
0.00511696
0.0045078
0.00292398
0.00609162
0.00804094
0.00280214
0.00194932
0.00670078
0.00475146
0.00670078
0.0041423
0.00621345
0.0146199
