TCGA-CF-A27C
0.0202252
0.0137899
0.00344748
0.00988279
0.0222937
0.0202252
0.00459664
0.0167778
0.0121811
0.0110319
0.00528614
0.00896346
0
0
0
0
0.0103425
0.00482648
0.00137899
0.00942312
0.0108021
0.0064353
0.00275799
0.0188462
0.00482648
0.00229832
0.00298782
0.00505631
0
0
0
0
0.0333257
0.0135601
0.043898
0.0195357
0.0505631
0.0271202
0.0337853
0.0468858
0.0280395
0.0220639
0.035624
0.0232131
0
0
0
0
0.0142496
0.00482648
0.00597564
0.0133303
0.00666513
0.00390715
0.00896346
0.00988279
0.00505631
0.00252815
0.00528614
0.00482648
0.0124109
0.00321765
0.0064353
0.0114916
0.0484946
0.00735463
0.0213744
0.0264307
0.0147093
0.0064353
0.00873362
0.00988279
0.0124109
0.0078143
0.0078143
0.0114916
0.0170076
0.00666513
0.00666513
0.0137899
0.00390715
0.00183866
0.00275799
0.00367732
0.000919329
0.00183866
0.00413698
0.00275799
0.00160883
0.00183866
0.00229832
0.00206849
0.00298782
0.00160883
0.00482648
0.00850379
