TCGA-BL-A13J
0.020463
0.0117817
0.00392724
0.0126085
0.0206697
0.0148822
0.00475403
0.0149855
0.0140554
0.00795783
0.00403059
0.0108516
0
0
0
0
0.00857792
0.00382389
0.00186027
0.0105415
0.00692435
0.00465068
0.00310045
0.00888797
0.00413394
0.00392724
0.00175692
0.00485738
0
0
0
0
0.0262505
0.0130219
0.031728
0.020773
0.0334849
0.0298677
0.025217
0.0375155
0.0163291
0.0166391
0.0260438
0.0196362
0
0
0
0
0.0126085
0.00527077
0.00826788
0.013642
0.00744109
0.00640761
0.0106449
0.00940471
0.00516742
0.00227367
0.00764779
0.00496073
0.0169492
0.00537412
0.0070277
0.0109549
0.0646962
0.00795783
0.0300744
0.0309012
0.0192228
0.00589086
0.0114717
0.0134353
0.020153
0.00434064
0.00919802
0.0127119
0.0264572
0.0100248
0.0129186
0.0162257
0.00372055
0.00175692
0.00413394
0.00764779
0.0036172
0.00186027
0.00485738
0.00723439
0.00186027
0.00186027
0.00372055
0.00372055
0.00516742
0.00330715
0.00434064
0.0109549
