TCGA-BT-A20T
0.0161113
0.0104073
0.00490343
0.0107075
0.0180126
0.0134094
0.00570399
0.0126088
0.0105074
0.00810567
0.00490343
0.00850595
0
0
0
0
0.00950665
0.00430301
0.00110077
0.00910637
0.0112078
0.00480336
0.00220154
0.0133093
0.00440308
0.00390273
0.00120084
0.00580406
0
0
0
0
0.0374262
0.0163114
0.0309216
0.0204143
0.0589413
0.0397278
0.0269188
0.0565396
0.0258181
0.0176123
0.0237166
0.0184129
0
0
0
0
0.010007
0.00510357
0.00740518
0.0111078
0.00710497
0.00520364
0.00740518
0.0060042
0.00420294
0.00250175
0.00470329
0.00410287
0.00920644
0.00250175
0.00510357
0.00780546
0.069949
0.0060042
0.0319223
0.0303212
0.0202141
0.00430301
0.0111078
0.0101071
0.0216151
0.0040028
0.00990693
0.0112078
0.0292205
0.00520364
0.0138097
0.0149104
0.00260182
0.00180126
0.00230161
0.00390273
0.0020014
0.00120084
0.00220154
0.00270189
0.00110077
0.00060042
0.00230161
0.00190133
0.00320224
0.0010007
0.00320224
0.00720504
