TCGA-BT-A2LA
0.0158076
0.0106529
0.00274914
0.00733104
0.0161512
0.0152348
0.00469645
0.0130584
0.016953
0.00882016
0.00412371
0.0104238
0
0
0
0
0.00836197
0.00389462
0.00194731
0.00790378
0.0069874
0.00400916
0.00320733
0.0112257
0.00423826
0.00274914
0.00148912
0.00492554
0
0
0
0
0.0286369
0.0114548
0.108935
0.0142039
0.0353952
0.0202749
0.0955326
0.0339061
0.0187858
0.0167239
0.0769759
0.0186712
0
0
0
0
0.00710195
0.0045819
0.00584192
0.00801833
0.00389462
0.00538373
0.00641466
0.00813288
0.00504009
0.00263459
0.00343643
0.00263459
0.00733104
0.00469645
0.00389462
0.00859107
0.0306987
0.00492554
0.0174112
0.0175258
0.00893471
0.00687285
0.00767468
0.0134021
0.0124857
0.00423826
0.0134021
0.00801833
0.0147766
0.0045819
0.013173
0.0103093
0.00194731
0.000801833
0.00286369
0.00515464
0.00183276
0.00229095
0.00309278
0.010882
0.00183276
0.00091638
0.00252005
0.00435281
0.00320733
0.00194731
0.00320733
0.0106529
