TCGA-CF-A3MF
0.0211911
0.0168067
0.00365364
0.012057
0.0135185
0.0135185
0.00109609
0.016076
0.0204604
0.00840336
0.00219218
0.0116916
0
0
0
0
0.008038
0.00292291
0.00146145
0.00730727
0.00328827
0.00328827
0.00109609
0.00292291
0.00255754
0.004019
0
0.00255754
0
0
0
0
0.0197296
0.0105955
0.111071
0.0105955
0.0138838
0.0168067
0.0675923
0.0204604
0.0105955
0.0164414
0.0990135
0.0171721
0
0
0
0
0.0124224
0.00657654
0.00913409
0.0197296
0.00584582
0.00548045
0.00621118
0.008038
0.00219218
0.00328827
0.004019
0.00328827
0.020095
0.00438436
0.00182682
0.0113263
0.0310559
0.00694191
0.0157106
0.0208257
0.00767263
0.00767263
0.00657654
0.0105955
0.0197296
0.0138838
0.008038
0.0168067
0.0149799
0.00949945
0.00767263
0.0135185
0.00365364
0.00219218
0.00365364
0.00584582
0.00365364
0.00255754
0.00365364
0.00986482
0.00146145
0.00219218
0.004019
0.00474973
0.00292291
0.00328827
0.00474973
0.0124224
