TCGA-DK-A1AG
0.0204082
0.0171688
0.00259151
0.0100421
0.0174927
0.00421121
0.0016197
0.0126336
0.0152251
0.0126336
0.00323939
0.01069
0
0
0
0
0.0100421
0.00874636
0.0016197
0.00939423
0.0103661
0.00356333
0.00259151
0.0145773
0.00485909
0.0016197
0.000647878
0.00647878
0
0
0
0
0.0310982
0.0152251
0.0696469
0.015873
0.0434078
0.0304503
0.0417881
0.0362812
0.0330418
0.0278588
0.0625202
0.0285066
0
0
0
0
0.00874636
0.00907029
0.00971817
0.0165209
0.00550696
0.00323939
0.00518303
0.00550696
0.00291545
0.000647878
0.00323939
0.00453515
0.0184645
0.00323939
0.00356333
0.0103661
0.0275348
0.00712666
0.0155491
0.0304503
0.00907029
0.00712666
0.00809848
0.01069
0.0132815
0.00485909
0.00712666
0.0132815
0.0139294
0.00777454
0.00712666
0.0149012
0.00356333
0.0016197
0.00194363
0.00615484
0.0016197
0.00259151
0.00323939
0.00291545
0.0016197
0.00129576
0.00259151
0.00453515
0.00388727
0.00194363
0.00323939
0.01069
