TCGA-DK-A3IL
0.0341099
0.0289033
0.00347106
0.0184901
0.0228957
0.0200921
0.00387157
0.0196916
0.0252987
0.0217609
0.00507309
0.0259662
0
0
0
0
0.00854416
0.00707563
0.00166878
0.00700888
0.00914492
0.00647487
0.00153528
0.00961218
0.00974568
0.0057406
0.00173553
0.00587411
0
0
0
0
0.0247647
0.0192244
0.0227622
0.0228957
0.0209599
0.0245644
0.0172886
0.0279688
0.0302383
0.0251652
0.0204926
0.0356452
0
0
0
0
0.0119485
0.0056071
0.00667512
0.0126827
0.0106134
0.00420533
0.00894466
0.00981243
0.00600761
0.00307056
0.00387157
0.00627461
0.0120152
0.00380482
0.00614111
0.011281
0.0416528
0.00580736
0.0173553
0.0240304
0.015553
0.00754289
0.00987918
0.0134837
0.0205594
0.00427208
0.00674187
0.0117482
0.0220947
0.00747614
0.00874441
0.0165543
0.00400507
0.00180228
0.00166878
0.00447233
0.0030038
0.00180228
0.00313731
0.0030038
0.00173553
0.000867766
0.0026033
0.00140178
0.00440558
0.00226954
0.0056071
0.00600761
