pooled_low_WT
0.0239579
0.0150408
0.0026214
0.0132789
0.0207993
0.0139665
0.00333047
0.0152342
0.0190804
0.0112591
0.00309411
0.0124194
0
0
0
0
0.0118823
0.0059089
0.00167598
0.012355
0.0105071
0.005737
0.00244951
0.0138805
0.00500645
0.00416846
0.00135367
0.00700473
0
0
0
0
0.0272884
0.0135797
0.0531156
0.0188225
0.0353245
0.0248174
0.0400086
0.0321014
0.0243661
0.0218522
0.0490546
0.0243232
0
0
0
0
0.0113236
0.00719811
0.00724108
0.0174259
0.00532875
0.00608079
0.0065535
0.0086807
0.00365277
0.00322303
0.00369575
0.0054147
0.014697
0.00537172
0.00444779
0.0135797
0.0298883
0.00799312
0.0169317
0.0240438
0.00919639
0.00709067
0.00825097
0.0105071
0.0132789
0.00668242
0.00814353
0.0116674
0.0143962
0.0083584
0.00822948
0.0148689
0.00427589
0.00240653
0.00358831
0.00715514
0.00268586
0.0029437
0.00376021
0.00911044
0.00199828
0.00171895
0.00348088
0.00489901
0.00461968
0.00337344
0.0054147
0.0144607
