TCGA-H4-A2HQ
0.0273093
0.0160968
0.00451571
0.0188001
0.032808
0.0255276
0.00595951
0.0271864
0.0158818
0.0126256
0.00310263
0.0118883
0
0
0
0
0.0129328
0.00589807
0.0022425
0.0131785
0.0112125
0.00685037
0.00408564
0.0130556
0.00688109
0.00537585
0.00168955
0.00804841
0
0
0
0
0.0203668
0.00952293
0.00764906
0.0132399
0.0230394
0.0140079
0.00903143
0.0235309
0.0156053
0.0113354
0.00694252
0.0130249
0
0
0
0
0.0186465
0.00715756
0.011704
0.0156975
0.0168648
0.0121033
0.0184315
0.0198138
0.00989156
0.00540657
0.0105674
0.0102295
0.0188308
0.00758763
0.00872423
0.0182779
0.043529
0.00697324
0.0237459
0.0254969
0.0184622
0.00853992
0.0122877
0.0170184
0.0167726
0.00451571
0.00943077
0.0120419
0.0213191
0.00654318
0.00838632
0.0155746
0.00451571
0.00175099
0.00451571
0.00503794
0.00377845
0.00261113
0.00666605
0.0104445
0.00264185
0.00132092
0.00491506
0.00479219
0.0064203
0.00261113
0.00516081
0.0117961
