TCGA-DK-A1AA
0.0159925
0.013902
0.00459914
0.00982544
0.0229957
0.0181875
0.00553988
0.0175604
0.011916
0.0102435
0.00491272
0.00825755
0
0
0
0
0.00480819
0.00344936
0.00146336
0.00648061
0.00386746
0.00543535
0.00271768
0.00721229
0.00334483
0.0024041
0.000940734
0.00303125
0
0
0
0
0.0250862
0.0155744
0.0224731
0.0173513
0.0408697
0.0376294
0.0229957
0.0491272
0.0158879
0.0150517
0.0169332
0.0196509
0
0
0
0
0.0116024
0.00533082
0.00919829
0.0125431
0.0100345
0.00574893
0.0128567
0.0110798
0.00637608
0.00313578
0.00668966
0.00574893
0.0113933
0.00407651
0.00731682
0.00982544
0.0793352
0.00543535
0.0398244
0.030208
0.0333438
0.00616703
0.0165151
0.0152608
0.0287446
0.00397199
0.0100345
0.0132748
0.0319849
0.00543535
0.0117069
0.0154698
0.0028222
0.000731682
0.00188147
0.00459914
0.000731682
0.000836208
0.00324031
0.0024041
0.000940734
0.00052263
0.0024041
0.00114979
0.00324031
0.000731682
0.00250862
0.00386746
