TCGA-BT-A20V
0.0148347
0.0115995
0.00149925
0.0115206
0.0114416
0.00923223
0.00126253
0.0112838
0.00954786
0.00647045
0.00118362
0.00891659
0.0167285
0.0129409
0.00252505
0.0210684
0.00765407
0.00473447
0.00142034
0.00773298
0.00552355
0.00433994
0.00149925
0.00733844
0.00331413
0.00355086
0.000867987
0.00378758
0.0499487
0.0148347
0.00284068
0.06431
0.0138878
0.00915332
0.035982
0.0133354
0.0155449
0.0108893
0.0275389
0.0151503
0.0135722
0.0104948
0.0346406
0.0124675
0.0704648
0.0234357
0.0258818
0.0473447
0.00686499
0.00489229
0.00654936
0.0119151
0.00473447
0.00560246
0.00441884
0.00907441
0.00307741
0.00252505
0.00410321
0.00583919
0.0133354
0.00386649
0.00355086
0.0101791
0.0138878
0.00678608
0.00946895
0.0148347
0.00670717
0.00583919
0.00615482
0.00757516
0.00670717
0.00489229
0.00536574
0.00844315
0.00733844
0.00773298
0.00410321
0.0105737
0.00339304
0.00189379
0.0039454
0.00331413
0.00291959
0.00189379
0.0039454
0.00520792
0.00181488
0.00126253
0.00433994
0.00307741
0.00433994
0.00268287
0.0040243
0.00946895
