TCGA-DK-A1AG
0.00633293
0.0053277
0.000804182
0.0031162
0.00542823
0.0013068
0.000502614
0.00392039
0.00472457
0.00392039
0.00100523
0.00331725
0.0236228
0.0114596
0.00211098
0.0177925
0.0031162
0.00271411
0.000502614
0.00291516
0.00321673
0.00110575
0.000804182
0.00452352
0.00150784
0.000502614
0.000201045
0.00201045
0.126055
0.0271411
0.00522718
0.160736
0.00965018
0.00472457
0.0216124
0.00492561
0.01347
0.00944914
0.0129674
0.0112585
0.0102533
0.00864495
0.0194009
0.008846
0.173301
0.037495
0.0258343
0.0789103
0.00271411
0.00281464
0.00301568
0.00512666
0.00170889
0.00100523
0.00160836
0.00170889
0.000904704
0.000201045
0.00100523
0.00140732
0.00572979
0.00100523
0.00110575
0.00321673
0.00854443
0.0022115
0.00482509
0.00944914
0.00281464
0.0022115
0.00251307
0.00331725
0.00412143
0.00150784
0.0022115
0.00412143
0.00432248
0.00241255
0.0022115
0.00462405
0.00110575
0.000502614
0.000603136
0.00190993
0.000502614
0.000804182
0.00100523
0.000904704
0.000502614
0.000402091
0.000804182
0.00140732
0.00120627
0.000603136
0.00100523
0.00331725
