TCGA-DK-A1AA
0.0120977
0.0105163
0.00347909
0.00743259
0.0173954
0.0137582
0.00419072
0.0132838
0.009014
0.00774887
0.0037163
0.00624654
0.016921
0.0141536
0.00268838
0.0143908
0.00363723
0.00260931
0.00110698
0.00490235
0.0029256
0.00411165
0.00205582
0.00545584
0.00253024
0.00181861
0.000711631
0.00229303
0.0280699
0.00719538
0.00134419
0.0390606
0.0189768
0.0117815
0.0170001
0.0131256
0.0309164
0.0284652
0.0173954
0.037163
0.0120187
0.0113861
0.0128094
0.0148652
0.0527398
0.0194513
0.0116233
0.0358978
0.00877679
0.00403258
0.00695817
0.00948842
0.00759073
0.00434886
0.00972563
0.00838143
0.00482328
0.0023721
0.00506049
0.00434886
0.00861864
0.00308374
0.00553491
0.00743259
0.0600142
0.00411165
0.0301257
0.0228513
0.0252234
0.00466514
0.0124931
0.0115442
0.0217443
0.00300467
0.00759073
0.0100419
0.0241955
0.00411165
0.00885586
0.0117024
0.00213489
0.000553491
0.00142326
0.00347909
0.000553491
0.000632561
0.00245117
0.00181861
0.000711631
0.000395351
0.00181861
0.000869771
0.00245117
0.000553491
0.00189768
0.0029256
