TCGA-CF-A27C
0.006227
0.00424568
0.00106142
0.00304274
0.00686386
0.006227
0.00141523
0.00516558
0.00375035
0.00339655
0.00162751
0.00275969
0.026677
0.0127371
0.00325502
0.0170535
0.00318426
0.00148599
0.000424568
0.00290122
0.00332579
0.00198132
0.000849137
0.00580243
0.00148599
0.000707614
0.000919898
0.00155675
0.118101
0.0244127
0.00728842
0.154118
0.0102604
0.00417492
0.0135154
0.00601472
0.0155675
0.00834984
0.0104019
0.0144353
0.00863289
0.00679309
0.010968
0.0071469
0.172516
0.0386357
0.023422
0.0939004
0.00438721
0.00148599
0.0018398
0.00410416
0.00205208
0.00120294
0.00275969
0.00304274
0.00155675
0.000778375
0.00162751
0.00148599
0.00382112
0.000990659
0.00198132
0.00353807
0.0149307
0.00226436
0.00658081
0.00813756
0.00452873
0.00198132
0.00268893
0.00304274
0.00382112
0.00240589
0.00240589
0.00353807
0.00523634
0.00205208
0.00205208
0.00424568
0.00120294
0.000566091
0.000849137
0.00113218
0.000283046
0.000566091
0.00127371
0.000849137
0.00049533
0.000566091
0.000707614
0.000636853
0.000919898
0.00049533
0.00148599
0.00261817
