TCGA-GD-A2C5
0.00799559
0.00456891
0.00149671
0.00508094
0.00838946
0.00657765
0.00200874
0.00622317
0.00590807
0.00413565
0.00133916
0.00382055
0.0250896
0.0135098
0.00417504
0.020954
0.00378117
0.0015361
0.000787743
0.00342668
0.00334791
0.0018512
0.00118161
0.00484462
0.00137855
0.00133916
0.000472646
0.00220568
0.104415
0.0236717
0.00768049
0.136398
0.0104376
0.00484462
0.00992556
0.00744417
0.0156761
0.00937414
0.0085864
0.013943
0.00771988
0.00728662
0.00807436
0.00771988
0.158454
0.0355666
0.0239474
0.0839734
0.00409626
0.00216629
0.00393871
0.0051991
0.00334791
0.00236323
0.00417504
0.00378117
0.00228445
0.00137855
0.00279649
0.00228445
0.00563236
0.00236323
0.00208752
0.00484462
0.0186695
0.00271771
0.00921659
0.0098074
0.00748356
0.00196936
0.00449013
0.00476584
0.00645949
0.00157549
0.00334791
0.00409626
0.00854701
0.00236323
0.00291465
0.00645949
0.000984678
0.000472646
0.000787743
0.00169365
0.000984678
0.000866517
0.000866517
0.00169365
0.000708968
0.000433258
0.000945291
0.00102407
0.00204813
0.000905904
0.00133916
0.00405688
