TCGA-BT-A20P
0.00617829
0.00353045
0.00107875
0.00382465
0.00784544
0.00558988
0.00137295
0.00402079
0.00480533
0.00323625
0.00107875
0.00323625
0.028832
0.0147102
0.00205943
0.0210846
0.00411886
0.00166716
0.000588408
0.00480533
0.00225557
0.00166716
0.000882613
0.00509954
0.00166716
0.00127488
0.00049034
0.00264784
0.127783
0.02589
0.00549181
0.150534
0.0106894
0.00558988
0.0267726
0.00804158
0.0132392
0.0113759
0.0164754
0.0178484
0.00980681
0.0112778
0.0237325
0.0139257
0.0996371
0.0249093
0.0269687
0.0526625
0.00519761
0.00264784
0.00274591
0.00804158
0.00137295
0.00205943
0.00205943
0.00196136
0.00127488
0.000882613
0.00107875
0.00147102
0.0067667
0.0021575
0.00186329
0.00451113
0.0178484
0.00480533
0.0104933
0.0131411
0.00470727
0.00254977
0.00392272
0.00353045
0.00696283
0.00294204
0.00372659
0.00608022
0.00696283
0.00421693
0.00274591
0.00696283
0.00254977
0.000686476
0.000588408
0.00500147
0.00137295
0.000980681
0.00166716
0.00254977
0.000294204
0.000196136
0.00107875
0.00147102
0.0024517
0.000882613
0.00166716
0.00657056
