TCGA-C4-A0F7
0.018139
0.0152695
0.00163968
0.0120926
0.0138348
0.00953064
0.0020496
0.0103505
0.00983808
0.00655872
0.00215208
0.00737856
0.0227506
0.0150646
0.0030744
0.0215208
0.00655872
0.0046116
0.00143472
0.00881328
0.00604632
0.0040992
0.00143472
0.00912072
0.00450912
0.00379176
0.0010248
0.00471408
0.0408895
0.0143472
0.00297192
0.0572863
0.0166018
0.00963312
0.035663
0.0131174
0.0154745
0.0103505
0.028182
0.0162943
0.0120926
0.0087108
0.0295142
0.0134249
0.0630252
0.0218282
0.0222382
0.0381226
0.010453
0.00676368
0.00655872
0.013015
0.00471408
0.00696864
0.00635376
0.00983808
0.00389424
0.00327936
0.00420168
0.00635376
0.00901824
0.00502152
0.00327936
0.0131174
0.0141422
0.00502152
0.0101455
0.0148596
0.00553392
0.00420168
0.0066612
0.00912072
0.00696864
0.00481656
0.00573888
0.00594384
0.00942816
0.00573888
0.00778848
0.010453
0.00338184
0.00215208
0.00235704
0.00450912
0.00143472
0.00225456
0.002562
0.0097356
0.00215208
0.00112728
0.0040992
0.00491904
0.00440664
0.00266448
0.00502152
0.0106579
