TCGA-BT-A20Q
0.00776484
0.00543539
0.000998336
0.00354964
0.00476983
0.00499168
0.000776484
0.0042152
0.0067665
0.00343871
0.00133111
0.00476983
0.025624
0.0118691
0.0025513
0.0197449
0.00288408
0.00166389
0.000110926
0.00476983
0.00244038
0.0025513
0.000776484
0.00388242
0.00133111
0.00122019
0.000554631
0.00232945
0.0898502
0.022629
0.00321686
0.127121
0.00865225
0.00432612
0.0244038
0.00765391
0.01198
0.0117582
0.0201886
0.0132002
0.00798669
0.00953966
0.0254021
0.0129784
0.170937
0.0400444
0.0313921
0.0837493
0.0042152
0.00266223
0.0021076
0.00787576
0.00110926
0.00188575
0.00188575
0.00133111
0.000776484
0.000776484
0.00122019
0.00088741
0.00554631
0.000665557
0.00144204
0.00410427
0.0139767
0.00354964
0.00820854
0.0088741
0.00232945
0.00221852
0.00343871
0.00332779
0.00543539
0.00232945
0.00299501
0.00310593
0.0046589
0.00321686
0.00343871
0.00565724
0.00144204
0.000665557
0.00110926
0.00310593
0.00088741
0.000998336
0.000998336
0.00277316
0.000332779
0.000221852
0.00088741
0.00122019
0.00188575
0.00166389
0.00133111
0.00510261
