TCGA-FD-A3N6
0.0150085
0.00742997
0.00148599
0.00899027
0.0153057
0.00653838
0.00193179
0.0101048
0.0217698
0.00742997
0.00163459
0.0112193
0.0207296
0.0143398
0.00341779
0.0264507
0.00638978
0.00364069
0.00156029
0.00586968
0.00482948
0.00371499
0.00163459
0.00549818
0.00304629
0.00185749
0.000817297
0.00378929
0.0624861
0.0164202
0.00616688
0.0733338
0.0161973
0.00720707
0.027268
0.0106992
0.0159001
0.012631
0.0230329
0.0152314
0.0122595
0.0112193
0.0255591
0.0127053
0.0869307
0.0278624
0.0254105
0.0553533
0.00557248
0.00386359
0.00393789
0.00958466
0.00326919
0.00408648
0.00319489
0.00586968
0.00178319
0.00252619
0.00156029
0.00364069
0.00847017
0.00401219
0.00245189
0.00735567
0.0106992
0.00460658
0.00668698
0.011145
0.00497808
0.00609258
0.00527528
0.00735567
0.00765287
0.00460658
0.00549818
0.00780147
0.00750427
0.00616688
0.00482948
0.00884167
0.00230329
0.00163459
0.00282339
0.00393789
0.00170889
0.00222899
0.00289769
0.0112936
0.0013374
0.00141169
0.00200609
0.00505238
0.00304629
0.00222899
0.00334349
0.0115165
