TCGA-BL-A13J
0.012775
0.00735531
0.00245177
0.00787148
0.0129041
0.00929092
0.00296793
0.00935544
0.00877476
0.00496806
0.00251629
0.00677463
0.0212917
0.0132912
0.00277437
0.0211627
0.00535518
0.00238725
0.00116137
0.00658107
0.00432286
0.00290341
0.00193561
0.00554875
0.00258081
0.00245177
0.00109684
0.00303245
0.0567133
0.0141299
0.00303245
0.0781986
0.0163882
0.00812956
0.0198077
0.0129686
0.0209046
0.0186464
0.015743
0.0234209
0.0101942
0.0103878
0.0162591
0.0122589
0.0726498
0.0277437
0.017356
0.0473579
0.00787148
0.00329053
0.00516162
0.00851668
0.00464546
0.00400026
0.00664559
0.00587135
0.00322601
0.00141945
0.0047745
0.00309697
0.0105813
0.00335506
0.00438738
0.00683915
0.0403897
0.00496806
0.0187754
0.0192916
0.0120008
0.00367766
0.00716175
0.00838764
0.0125815
0.00270985
0.00574231
0.007936
0.0165172
0.00625847
0.00806504
0.0101297
0.00232273
0.00109684
0.00258081
0.0047745
0.00225821
0.00116137
0.00303245
0.00451642
0.00116137
0.00116137
0.00232273
0.00232273
0.00322601
0.00206465
0.00270985
0.00683915
