TCGA-CF-A3MF
0.016681
0.0132298
0.00287604
0.00949094
0.0106414
0.0106414
0.000862813
0.0126546
0.0161058
0.0066149
0.00172563
0.00920334
0.0146678
0.0100661
0.00287604
0.0293356
0.00632729
0.00230083
0.00115042
0.00575209
0.00258844
0.00258844
0.000862813
0.00230083
0.00201323
0.00316365
0
0.00201323
0.00546448
0.00345125
0.00172563
0.0117918
0.0155306
0.00834052
0.0874317
0.00834052
0.010929
0.0132298
0.0532068
0.0161058
0.00834052
0.0129422
0.0779408
0.0135174
0.0365257
0.0189819
0.050906
0.0270348
0.00977854
0.00517688
0.00719011
0.0155306
0.00460167
0.00431406
0.00488927
0.00632729
0.00172563
0.00258844
0.00316365
0.00258844
0.0158182
0.00345125
0.00143802
0.00891573
0.0244464
0.00546448
0.012367
0.0163934
0.00603969
0.00603969
0.00517688
0.00834052
0.0155306
0.010929
0.00632729
0.0132298
0.0117918
0.00747771
0.00603969
0.0106414
0.00287604
0.00172563
0.00287604
0.00460167
0.00287604
0.00201323
0.00287604
0.00776531
0.00115042
0.00172563
0.00316365
0.00373886
0.00230083
0.00258844
0.00373886
0.00977854
