TCGA-DK-A1A5
0.00341088
0.00224477
0.00128272
0.00157425
0.00408139
0.00262375
0.00128272
0.00271121
0.00323596
0.00183663
0.00072882
0.00276952
0.0277826
0.0124483
0.00227392
0.0172585
0.0031485
0.00125357
0.000495598
0.0031485
0.00326512
0.00102035
0.000699668
0.00384817
0.00137018
0.00102035
0.000466445
0.00192409
0.139875
0.0285698
0.00466445
0.167658
0.00790041
0.00428546
0.00897907
0.00559734
0.0134394
0.0077255
0.00795872
0.012973
0.00655938
0.00483937
0.00647193
0.00655938
0.200571
0.0403475
0.0241677
0.100169
0.00157425
0.00102035
0.00174917
0.00326512
0.0015451
0.0010495
0.00142849
0.00134103
0.000816279
0.000466445
0.000641362
0.000670515
0.00224477
0.0010495
0.00110781
0.00262375
0.0115445
0.00174917
0.00521835
0.00577226
0.00390648
0.000845432
0.00218646
0.0025946
0.00405224
0.0010495
0.00227392
0.00268206
0.00483937
0.00134103
0.00218646
0.00393563
0.000845432
0.000553904
0.000641362
0.00113696
0.00072882
0.000466445
0.00122442
0.00116611
0.000291528
0.000145764
0.000612209
0.00093289
0.000903737
0.000524751
0.000816279
0.00172002
