TCGA-H4-A2HQ
0.0147787
0.00871098
0.00244373
0.0101739
0.0177544
0.0138145
0.00322506
0.0147122
0.00859461
0.00683246
0.00167902
0.00643349
0.0276623
0.018702
0.00347442
0.0211956
0.0069987
0.00319181
0.00121355
0.0071317
0.00606776
0.00370715
0.00221099
0.0070652
0.00372378
0.0029092
0.00091432
0.00435549
0.0737939
0.019982
0.0049207
0.0997772
0.0110217
0.00515344
0.00413938
0.00716494
0.012468
0.00758054
0.00488746
0.012734
0.00844499
0.00613426
0.00375702
0.00704858
0.10114
0.0237224
0.0131995
0.0512684
0.0100908
0.00387339
0.00633374
0.00849486
0.00912658
0.00654986
0.0099744
0.0107225
0.00535293
0.00292582
0.00571866
0.00553579
0.0101905
0.00410613
0.00472122
0.00989128
0.0235562
0.00377365
0.0128504
0.0137979
0.00999102
0.00462147
0.0066496
0.0092097
0.0090767
0.00244373
0.00510357
0.00651661
0.0115371
0.00354091
0.00453835
0.00842837
0.00244373
0.000947568
0.00244373
0.00272634
0.00204475
0.00141304
0.00360741
0.00565216
0.00142966
0.000714832
0.00265984
0.00259334
0.00347442
0.00141304
0.00279283
0.00638362
