Base Changes	Tri-nucleotide Context	TCGA-130 Signature 5*	DFCI-MSK-50 Signature 5*	BGI-99 C>T_CpG+Signature 5*	COMB-279 Signature 5*	COMB-MI-242 Signature 5*	TCGA-130/DFCI-MSK-50 Signature 5*	COSMIC Signature 2	COSMIC Signature 5	COSMIC Signature 13
T>G	TTT	0.00696	0.0097	0.00386	0.0069	0.00735	0.0076	2.3598204000118e-05	0.013369935834	0.000670588327
T>G	GTT	0.00375	0.00422	0	0.0036	0.00394	0.00415	8.64771800004324e-05	0.003307466591	5.3741207e-05
T>G	CTT	0.00894	0.00872	0.00221	0.00813	0.00873	0.00884	6.71113400003356e-05	0.011486811509	0.000463714722
T>G	ATT	0.00318	0.00234	0.00229	0.00299	0.00317	0.00312	0.000217694872001088	0.003821226712	0.000192493754
T>G	TTG	0.00517	0.00422	0.00229	0.00444	0.00489	0.00494	0.000206615168001033	0.0060552541	4.79022e-07
T>G	GTG	0.00368	0.00287	0.0111	0.00482	0.00491	0.00368	0.00010992570300055	0.005948879802	1.0579194e-05
T>G	CTG	0.00831	0.00921	0.00276	0.00832	0.00859	0.00857	0.000228245948001141	0.007147456226	4.59873e-05
T>G	ATG	0.00426	0.00457	0	0.00381	0.00417	0.00454	0.000273454078001367	0.005490216837	3.6000696e-05
T>G	TTC	0.00388	0.00352	0.00689	0.00416	0.00418	0.00402	1.42814560000714e-05	0.005131607914	0.000235347085
T>G	GTC	0.00227	0.00361	0.00218	0.00276	0.00268	0.00271	4.7002381000235e-05	0.000327734937	9.3373513e-05
T>G	CTC	0.00481	0.00298	0.000383	0.00349	0.00377	0.00396	2.20950870001105e-05	0.003478502118	0.00014762484
T>G	ATC	0.00139	0.00183	0.00449	0.00234	0.0022	0.00173	2.48448260001242e-05	0.002246592659	0.000112383214
T>G	TTA	0.00151	0.00179	0.00346	0.00194	0.0016	0.00158	7.17369500003587e-05	0.00520287442	0.000546581847
T>G	GTA	0.00303	0.0025	0.00201	0.00238	0.00262	0.0028	9.55523920004778e-05	0.001627664547	1.8489857e-05
T>G	CTA	0.00252	0.00167	0.00224	0.00208	0.00235	0.00236	0.000113784603000569	0.002041648941	1.5094208e-05
T>G	ATA	0.00172	0.0022	0.0026	0.0023	0.00198	0.00207	3.37184110001686e-05	0.003462151975	0.00038619979
T>C	TTT	0.00806	0.0161	0.00833	0.00941	0.0099	0.0106	0.000585330275002927	0.017375139145	0.000179702846
T>C	GTT	0.0108	0.0204	0.0172	0.0128	0.0129	0.0132	0.000578598104002893	0.015666874692	0.000676187888
T>C	CTT	0.0109	0.0252	0.013	0.0152	0.0154	0.0157	0.000560900126002804	0.019054082944	7.63944e-07
T>C	ATT	0.0148	0.0135	0.0181	0.0169	0.0171	0.0153	0.00148816409300744	0.027302974158	0.000267461432
T>C	TTG	0.0115	0.00958	0.00899	0.0109	0.0111	0.0108	0.000192354203000962	0.012596501722	3.7402404e-05
T>C	GTG	0.01	0.0202	0.00738	0.013	0.0135	0.013	4.95044000002475e-07	0.014103929348	0.000630095718
T>C	CTG	0.0198	0.0255	0.0291	0.0229	0.0221	0.0221	0.00036202450800181	0.018741631229	5.4272534e-05
T>C	ATG	0.0234	0.0301	0.0169	0.0254	0.0266	0.0266	0.000575473007002877	0.028449051657	0.000279178024
T>C	TTC	0.0102	0.0116	0.00684	0.00965	0.0104	0.0103	0.000470343659002352	0.014195709147	0.000132974888
T>C	GTC	0.00868	0.0108	0.00975	0.00991	0.0102	0.00975	0.00018606592700093	0.009574560593	0.000529899747
T>C	CTC	0.00794	0.0136	0.0139	0.00956	0.00913	0.00994	0.000392332573001962	0.01248950044	4.3307542e-05
T>C	ATC	0.00833	0.0135	0.00931	0.0095	0.00976	0.0101	0.000425576677002128	0.013771102129	0.000145506661
T>C	TTA	0.0121	0.0132	0.0064	0.0121	0.0122	0.0125	0.00010193235200051	0.017059640976	0.000784056118
T>C	GTA	0.0158	0.0219	0.00862	0.0171	0.0182	0.0187	4.67385200002337e-06	0.016294982792	0.001054081222
T>C	CTA	0.00737	0.0156	0.00497	0.00957	0.00978	0.00983	0.000546619204002733	0.014238629786	4.2751466e-05
T>C	ATA	0.0236	0.0268	0.0268	0.0252	0.0256	0.0249	0.00130350955800652	0.035366735114	0.000549454166
T>A	TTT	0.00428	0.0023	0.00319	0.00431	0.00404	0.00339	0.000276315891001382	0.010240850413	0.000160345975
T>A	GTT	0.00457	0.00318	0.00177	0.00451	0.00446	0.00426	0.000215755466001079	0.005101032909	0.000122745552
T>A	CTT	0.006	0.00476	0.00349	0.00816	0.00702	0.00561	0.000574885587002874	0.009784640746	8.00446e-07
T>A	ATT	0.00525	0.00502	0.00375	0.00523	0.00514	0.00529	0.000149110959000746	0.011193623195	0.000971812099
T>A	TTG	0.00434	0.00457	0	0.00627	0.00518	0.00433	6.6605043000333e-05	0.007144208769	0.000245194218
T>A	GTG	0.00577	0.00438	0.00291	0.00637	0.0059	0.00552	8.87213440004436e-05	0.006814352288	0.000153517461
T>A	CTG	0.0141	0.0118	0.00424	0.019	0.0164	0.0133	0.000230409809001152	0.01050756897	0.000286951828
T>A	ATG	0.00608	0.00739	0.00448	0.00966	0.00852	0.00677	0.000532929416002665	0.011508051457	0.00010255436
T>A	TTC	0.00542	0.00884	0.00258	0.00682	0.00651	0.00637	4.80289800002401e-06	0.006835344247	0.000771813274
T>A	GTC	0.00547	0.00641	0.000593	0.00529	0.00556	0.00595	0.000293862060001469	0.00402159648	0.000252867405
T>A	CTC	0.00557	0.00441	0.00744	0.00813	0.007	0.00537	0.00046401902800232	0.006208843676	0.000222287328
T>A	ATC	0.00521	0.00253	0.0021	0.00488	0.00467	0.00494	0.000113069562000565	0.007399202496	0.001060001878
T>A	TTA	0.00212	0.00279	0.00244	0.0026	0.00254	0.00216	8.07524860004038e-05	0.009205637343	0.000403261316
T>A	GTA	0.00432	0.00425	0.00535	0.00544	0.00496	0.00459	0.000114994210000575	0.006740387717	0.000137960405
T>A	CTA	0.00256	0.00348	0.00149	0.00532	0.00411	0.00298	0.000154598981000773	0.005043163511	0.000285158991
T>A	ATA	0.00526	0.00253	0.00336	0.00515	0.00504	0.00463	1.32377000000662e-07	0.008902904323	0.001243618346
C>A	ACA	0.0141	0.0112	0.00681	0.0115	0.0117	0.0128	0.000682708227003414	0.014941547714	0.000334757187
C>A	ACC	0.0145	0.00887	0.0167	0.013	0.0125	0.0126	0.000619107232003095	0.008960917997	0.000648736139
C>A	ACG	0.00717	0.00316	0.00879	0.00757	0.00657	0.00613	9.92789560004964e-05	0.002207846012	3.8144594e-05
C>A	ACT	0.00968	0.00406	0.00562	0.0072	0.00738	0.00789	0.000323891363001619	0.009206905292	0.00084665846
C>A	CCA	0.0173	0.00979	0.0156	0.0166	0.0159	0.0148	0.000677444988003387	0.00967490433	0.001710089561
C>A	CCC	0.0151	0.00766	0.00974	0.0118	0.0117	0.0125	0.000213681013001068	0.004952300642	0.001159256581
C>A	CCG	0.0145	0.00668	0.0125	0.0122	0.0121	0.0119	6.77046000003385e-06	0.002800627307	0.000244166533
C>A	CCT	0.012	0.00881	0.0085	0.011	0.0107	0.0111	0.000416332906002082	0.011013465824	0.001256768244
C>A	GCA	0.0134	0.00492	0.012	0.0103	0.00978	0.0106	0.00035201335300176	0.011892168979	0.000132109643
C>A	GCC	0.0148	0.00541	0.0172	0.012	0.0111	0.0114	0.000133816879000669	0.009247857495	0.000754244011
C>A	GCG	0.00895	0.00768	0.00669	0.00902	0.00847	0.00899	0.000178441660000892	0.002809188466	9.6820775e-05
C>A	GCT	0.0138	0.00582	0.0102	0.0109	0.011	0.0112	0.000122832046000614	0.010301267456	0.000551103672
C>A	TCA	0.00861	0.01	0.00742	0.00932	0.00912	0.00907	0.0151274275190756	0.014774016248	0.048166047937
C>A	TCC	0.0195	0.0132	0.0197	0.0178	0.0167	0.0175	0.00653249245403266	0.012043464964	0.017329557089
C>A	TCG	0.00476	0.00186	0.0084	0.00456	0.00422	0.00467	0.00165645539800828	0.003902362388	0.002293157306
C>A	TCT	0.0133	0.0089	0.0131	0.0114	0.0116	0.0117	0.012394610714062	0.018243395705	0.018634581512
C>G	ACA	0.00729	0.00668	0.000766	0.00557	0.00634	0.00692	0.000263481044001317	0.011671021651	0.003775165298
C>G	ACC	0.00665	0.00562	0.00162	0.0056	0.00616	0.00601	0.000269866049001349	0.007292088583	0.000920824828
C>G	ACG	0.0059	0.00402	0	0.00398	0.00458	0.0051	0.000219233911001096	0.002303839151	1.9890489e-05
C>G	ACT	0.00752	0.0111	0.00519	0.0084	0.00891	0.00872	0.000610973492003055	0.011696245747	0.003860632488
C>G	CCA	0.0119	0.011	0.00779	0.0103	0.0109	0.0112	2.77720770001389e-05	0.007537523174	0.005333651375
C>G	CCC	0.0113	0.00729	0.00827	0.00971	0.00961	0.0101	0.000279643862001398	0.007633226665	0.000912303471
C>G	CCG	0.0123	0.00733	0.00732	0.0105	0.0109	0.0109	1.91615760000958e-05	0.002613760399	0.000285467331
C>G	CCT	0.0138	0.0106	0.00721	0.0112	0.012	0.0125	0.000312781573001564	0.009417097876	0.006383097568
C>G	GCA	0.00727	0.00256	0.00994	0.00633	0.00584	0.0059	4.48385140002242e-05	0.005559423089	0.001349419584
C>G	GCC	0.00736	0.0142	0.000924	0.00782	0.00849	0.00929	1.45201030000726e-05	0.005388801221	0.000788807743
C>G	GCG	0.00462	0.00466	0.00502	0.00517	0.00525	0.0048	4.06658890002033e-05	0.001100589633	8.1791214e-05
C>G	GCT	0.00633	0.00639	0.00295	0.0055	0.00592	0.0062	0.000268429459001342	0.006041247837	0.002680123244
C>G	TCA	0.000517	0.00908	0	0	0	0.00304	0.0372418531491862	0.002681056961	0.280234946548
C>G	TCC	0.0121	0.0167	0.00523	0.0112	0.0112	0.0133	1.94134110000971e-05	0.007924048307	0.063885286587
C>G	TCG	0.00364	0.00546	0.00211	0.00351	0.0041	0.00426	0.00162546545700813	0.001319075649	0.009528486008
C>G	TCT	0	0	0	0	0	0	0.0668798996843344	0.006644595708	0.330225481745
C>T	ACA	0.0193	0.0199	0.0104	0.0172	0.0186	0.0194	0.00744155681703721	0.021839187574	0.001480180764
C>T	ACC	0.0174	0.0126	0.0122	0.0155	0.0157	0.0159	0.00272631242801363	0.012756105638	4.0508707e-05
C>T	ACG	0.0242	0.0353	0.0615	0.0269	0.0269	0.025	0.00332208328101661	0.016760177116	0.000316594671
C>T	ACT	0.015	0.0114	0.0163	0.0145	0.0145	0.0137	0.00332652841701663	0.016477954692	0
C>T	CCA	0.0312	0.024	0.0203	0.0285	0.0289	0.0293	0.0150195069310751	0.022769209355	0.003647278451
C>T	CCC	0.0235	0.0308	0.0231	0.0247	0.0249	0.0263	0.00351691809801758	0.017509476305	0.001004229295
C>T	CCG	0.0319	0.0536	0.0598	0.0364	0.036	0.0366	0.0049792757150249	0.012862237589	0.000129202148
C>T	CCT	0.0394	0.033	0.0269	0.0343	0.0362	0.0374	0.00895655277504478	0.020429513385	0.00061176997
C>T	GCA	0.0209	0.0154	0.0227	0.0205	0.0208	0.0195	0.00639080787603195	0.020038258645	0.002934137577
C>T	GCC	0.0239	0.0214	0.059	0.0236	0.0223	0.022	0.00199581678400998	0.018022312238	0.002515171146
C>T	GCG	0.0267	0.0275	0.0651	0.0269	0.0248	0.0256	0.000303020977001515	0.013193817648	0.00320526455
C>T	GCT	0.0241	0.024	0.0296	0.0234	0.023	0.024	0.00326581818801633	0.019502915335	0.001687730545
C>T	TCA	0	0	0	0	0	0	0.4199413995961	0.010997560324	0.113842093163
C>T	TCC	0.0174	0.0106	0.017	0.0176	0.0188	0.017	0.0819724961444099	0.020644964803	0.015024839001
C>T	TCG	0.00556	0.00597	0.0275	0.00426	0.00436	0.00417	0.0477201863682386	0.007534489574	0.006102097956
C>T	TCT	0.00465	0.00138	0.00176	0.00398	0.00528	0.00541	0.228674918307143	0.011787461775	0.028140661233
