Sample	Bin_1_obs	Bin_2_obs	Bin_3_obs	Bin_4_obs	Bin_5_obs	Bin_1_sim	Bin_2_sim	Bin_3_sim	Bin_4_sim	Bin_5_sim	Bin_1_obs_exp_ratio	Bin_2_obs_exp_ratio	Bin_3_obs_exp_ratio	Bin_4_obs_exp_ratio	Bin_5_obs_exp_ratio
DO10839	308	338	337	380	357	259.2	287.32	323.39	371.29	451.39	1.18827160493827	1.17638869553112	1.04208540771205	1.02345875191899	0.790890360885266
DO10840	384	421	423	452	523	303.76	355.5	417.68	496.05	642.05	1.26415591256255	1.18424753867792	1.01273702355871	0.911198467896381	0.814578303870415
DO10841	156	178	168	228	213	123.28	147.02	177.07	215.6	289.17	1.26541207008436	1.21071962998232	0.948777319704072	1.05751391465677	0.736590932669364
DO10843	427	394	393	424	394	337.07	363.93	396.43	436.98	499.66	1.26679918117898	1.08262577968291	0.991347778926923	0.970296123392375	0.788536204619141
DO10844	108	156	140	152	147	98.14	112.74	133.07	158.72	210.3	1.10046871815773	1.38371474188398	1.05207785376118	0.957661290322581	0.699001426533523
DO10858	606	662	653	652	635	493.42	549.93	614.34	698	836.23	1.22816262008026	1.20378957321841	1.06292932252499	0.934097421203438	0.759360463030506
DO50306	387	370	413	506	513	300.64	351.17	414.92	500.98	653.49	1.28725385843534	1.05362075348122	0.995372601947363	1.01002036009422	0.785015838038838
DO50307	370	417	375	470	427	301.19	341.33	395.84	466.62	593.26	1.22846044025366	1.22169161808221	0.947352465642684	1.00724358150101	0.719751879445774
DO50309	181	195	200	239	247	161.51	184.34	209.56	243.28	301.17	1.12067364249892	1.05782792665726	0.954380606986066	0.982407102926669	0.820134807583757
DO50311	370	413	415	499	591	291.14	340.64	412.04	504.35	674.68	1.27086624991413	1.21242367308596	1.00718376856616	0.989392287102211	0.875970830615996
DO50314	335	366	401	437	491	283.29	328.32	389.24	459.79	600.54	1.18253379928695	1.11476608187134	1.03021272222793	0.950433893734096	0.817597495587305
DO50315	400	413	400	415	451	315.91	358.29	412.28	477.9	594.47	1.26618340666646	1.15269753551592	0.970214417386242	0.868382506800586	0.758658973539455
DO50316	357	363	377	400	441	266.01	305.82	360.37	425.72	540.76	1.34205480996955	1.18697272905631	1.04614701556733	0.939584703561026	0.815518899326873
DO50318	235	248	312	363	384	197.48	232.78	280.35	338.41	450.58	1.18999392343528	1.06538362402268	1.11289459604066	1.07266333737183	0.852234897243553
DO50319	361	377	406	411	477	278.81	322.16	378.92	452.35	577.44	1.2947885656899	1.17022597467097	1.07146627256413	0.908588482369846	0.826059850374065
DO50320	441	458	449	445	456	318.98	362.52	415.79	476.85	592.14	1.38253182017681	1.26337857221671	1.07987205079487	0.933207507601971	0.77008815482825
DO50321	220	261	222	251	323	184.71	211.99	245.38	290.27	363.3	1.19105625033837	1.2311901504788	0.904719211019643	0.864712164536466	0.889072391962565
DO50323	780	834	804	872	844	678.18	741.04	810.66	891.49	1032.87	1.15013713173494	1.12544532009068	0.991784471911776	0.978137724483729	0.817140588844676
DO50325	255	281	303	332	363	204.94	237.58	275.87	335.75	434.4	1.24426661461891	1.18275949153969	1.0983434226266	0.988830975428146	0.835635359116022
DO50326	758	813	789	845	838	580.47	657.57	754.37	885.29	1103.33	1.30583837235344	1.23637027236644	1.04590585521694	0.954489489319884	0.759518910933266
DO50327	155	140	151	162	170	111.48	129.23	146.43	167.92	212.87	1.39038392536778	1.08333978178442	1.03120945161511	0.964745116722249	0.798609479964297
DO50328	339	388	379	446	517	294.75	341.74	400.53	473.79	602.66	1.1501272264631	1.13536606777082	0.946246223753527	0.941345321767028	0.857863471941061
DO50329	265	273	320	374	430	210.05	250.09	299.55	369.37	490.27	1.26160437990955	1.09160702147227	1.06826907027207	1.01253485664781	0.877067738185082
DO50330	413	397	386	406	401	279.83	330.7	381.44	451.56	578.56	1.47589607976271	1.20048382219534	1.01195469798658	0.899105323766498	0.693100110619469
DO50331	343	408	367	468	537	271.04	320.08	388.71	474.73	639.01	1.2654958677686	1.27468132966758	0.944148594067557	0.985823520738104	0.840362435642635
DO50332	414	418	457	547	562	350.09	402.69	466.99	541.81	692.21	1.18255305778514	1.03801932007251	0.978607678965288	1.00957900370979	0.811892344808656
DO50334	309	332	335	392	396	239.95	278.98	317.69	379.35	484.86	1.28776828505939	1.19004946591153	1.05448707859863	1.03334651377356	0.816730602648187
DO50336	221	197	254	258	293	164.96	196.28	230.89	280.02	362.06	1.33971871968962	1.00366822906053	1.10009095240158	0.921362759802871	0.809258134010937
DO50337	411	398	460	527	541	327.63	381.99	440.59	518.23	657.21	1.25446387693435	1.04191209193958	1.04405456319935	1.01692298786253	0.823176762374279
DO50338	235	268	267	310	316	204.31	234.55	270.16	318.28	403.48	1.15021291175175	1.14261351524195	0.988303227716908	0.973985170290311	0.783186279369485
DO50339	594	579	517	532	458	458.2	497.11	538.42	593.3	674.97	1.29637712789175	1.16473215183762	0.960216931020393	0.896679588740941	0.678548676237462
DO50340	248	248	295	291	317	185.27	215.95	253.44	306.5	395.65	1.33858692718735	1.14841398471868	1.16398358585859	0.949429037520392	0.801213193479085
DO50341	310	347	315	361	411	255.3	291.1	330.7	379.43	464.05	1.21425773599687	1.19203023016146	0.952524947081947	0.951427140711067	0.885680422368279
DO50342	540	520	486	530	539	441.46	477.11	516.93	563.87	641.78	1.22321388121234	1.08989541195951	0.940165979919912	0.939932963271676	0.839851662563495
DO50343	498	459	501	498	527	354.16	407.34	475.37	559.14	721.75	1.40614411565394	1.12682280159081	1.05391589709069	0.890653503594806	0.730169726359543
DO50345	308	333	303	333	332	234.4	269.31	314.07	361.63	449.34	1.31399317406143	1.23649326055475	0.96475308052345	0.920830683295081	0.738861441224908
DO50346	533	540	545	644	676	406.62	472.26	552.14	661.03	849.74	1.31080615808371	1.14343793672977	0.987068497120296	0.974237175317308	0.795537458516723
DO50348	302	340	348	409	462	243.03	285.68	343.29	419.46	547.08	1.24264494095379	1.19014281713806	1.01372017827493	0.975063176464979	0.844483439350735
DO50349	207	232	221	242	256	158.95	184.53	213.53	254.68	327.92	1.30229631959736	1.25724814393324	1.03498337470145	0.950212030783729	0.780678214198585
DO50350	163	149	138	186	178	119.28	137.54	160.85	185.74	232.59	1.36653252850436	1.08332121564636	0.857942182157289	1.00139980618068	0.765295154563825
DO50354	170	180	149	202	197	135.77	152.75	173.8	198	239.31	1.25211755174192	1.17839607201309	0.857307249712313	1.02020202020202	0.823200033429443
DO50355	329	397	352	319	316	268.68	300.67	343.04	389.84	468.13	1.22450498734554	1.32038447467323	1.02611940298507	0.818284424379233	0.675026167944802
DO50356	1	1	2	1	3	1.44	1.46	1.97	2.56	3.26	0.694444444444444	0.684931506849315	1.01522842639594	0.390625	0.920245398773006
DO50357	296	298	270	306	271	218.01	243.64	283.71	328.58	413.97	1.35773588367506	1.22311607289443	0.951676007190441	0.93128005356382	0.654636809430635
DO50362	310	387	406	409	483	257.94	308.13	375.37	458.77	616.89	1.20182988291851	1.25596339207477	1.08159948850468	0.891514266408004	0.782959684870885
DO50364	251	273	288	294	378	196.76	226.96	264.03	314.58	402.74	1.27566578572881	1.20285512865703	1.09078513805249	0.934579439252336	0.938570790087898
DO50365	373	363	415	451	498	308.08	351.79	412.28	484.88	619.5	1.2107244871462	1.03186560163734	1.00659745803823	0.930127041742287	0.803874092009685
DO50367	157	179	184	173	197	129.23	149.85	172.59	203.51	260.21	1.21488818385824	1.19452786119453	1.06611043513529	0.850081077096949	0.757080819338227
DO50370	101	117	128	168	166	90.9	106.22	125.92	151.43	198.16	1.11111111111111	1.10148747881755	1.01651842439644	1.10942349600475	0.837706903512313
DO50372	272	334	363	447	436	274.32	311.56	358.15	415.05	512.85	0.991542723826188	1.07202465014764	1.01354181208991	1.0769786772678	0.850151116310812
DO50374	371	419	428	498	600	327.06	370.6	429.32	504.08	641.55	1.13434843759555	1.13059902860227	0.996925370353117	0.987938422472623	0.935234977788169
DO50381	224	292	259	303	321	183.06	214.95	252.07	304.46	397.45	1.22364252157762	1.35845545475692	1.02749236323244	0.995204624581226	0.807648760850421
DO50382	320	331	333	440	506	255.04	296.8	353.22	428.47	560.43	1.25470514429109	1.11522911051213	0.942755223373535	1.0269097019628	0.90287814713702
DO50383	230	247	223	266	298	178.77	205.1	238.37	281.16	365.99	1.28656933489959	1.20429058995612	0.935520409447498	0.946080523545312	0.814229896991721
DO50384	676	677	661	757	848	532.43	599.49	695.05	809.41	1031.23	1.26965047048438	1.12929323258103	0.951010718653334	0.935249132083864	0.822318978307458
DO50385	364	387	426	439	543	295.72	345.29	413.84	500.43	658.68	1.23089408900311	1.12079701120797	1.02938333655519	0.877245568810823	0.824376024776826
DO50387	675	769	760	797	857	626.62	691.83	762.54	855.24	1010.74	1.07720787718234	1.1115447436509	0.996669027198573	0.93190215611992	0.84789362249441
DO50388	517	501	472	530	630	393.47	442.05	499.99	570.48	694.61	1.3139502376293	1.13335595520869	0.944018880377608	0.929042210068714	0.906983775068024
DO50389	432	452	430	442	503	323.82	371.66	425.69	500.48	624.64	1.33407448582546	1.21616531238228	1.01012473865959	0.883152173913043	0.805263831967213
DO50390	183	203	174	205	216	135.11	156.46	183.33	214.81	278.7	1.35445192805862	1.29745621884188	0.949108165603011	0.954331735021647	0.77502691065662
DO50392	171	197	196	219	230	148.46	164.02	187.77	215.69	267.05	1.15182540751718	1.20107303987319	1.04383021781967	1.01534609856739	0.861261935967047
DO50393	357	335	323	382	372	261.15	294.58	337.35	386.84	469.16	1.36703044227455	1.13721230226085	0.957462575959686	0.987488367283632	0.79290647113991
DO50395	78	59	55	70	58	45.71	52.65	61.96	72.2	95.43	1.70640997593524	1.12060778727445	0.887669464170433	0.969529085872576	0.6077753327046
DO50396	253	220	230	242	256	170.44	191.26	222.04	260.21	330.64	1.48439333489791	1.15026665272404	1.03584939650513	0.930018062334269	0.77425598838616
DO50398	352	374	369	459	501	283.83	327.97	393.16	473.22	618.45	1.24017898037558	1.1403482025795	0.93854919116899	0.96995055154051	0.810089740480233
DO50399	275	283	286	350	315	191	228.5	277.87	345.14	469.37	1.43979057591623	1.23851203501094	1.02925828624897	1.01408124239439	0.671112342075548
DO50401	422	436	444	526	570	307.68	361.34	435.36	532.18	707.19	1.37155486219449	1.20661980406266	1.01984564498346	0.988387387725957	0.806006872269121
DO50402	131	161	155	163	168	112.87	126.14	145.55	168.56	208.92	1.16062727031098	1.27635960044395	1.06492614221917	0.967014712861889	0.80413555427915
DO50403	326	299	293	344	364	244.42	273.1	304.54	349.14	419.55	1.33376974061042	1.09483705602343	0.962106784002101	0.985278111932176	0.867596234060303
DO50405	86	89	91	112	85	65.15	74.27	84.35	102.19	129.09	1.32003069838833	1.19833041604955	1.07883817427386	1.0959976514336	0.658455341234797
DO50406	572	671	635	708	732	465.93	544.9	647.17	766.47	994.13	1.22765222243685	1.23141860891907	0.981195049214271	0.923715213902697	0.736322211380805
DO50407	401	374	381	406	414	287.02	324.98	369.28	423.25	518.35	1.3971151836109	1.15084005169549	1.03173743500867	0.959243945658594	0.798688145075721
DO50408	408	468	418	456	549	331.63	377.56	438.84	510.92	651.94	1.23028676537105	1.23953808666172	0.952511165800747	0.892507633288969	0.842102033929503
DO50409	217	237	208	277	267	156.28	183.9	220.18	261.89	341.79	1.3885334015869	1.28874388254486	0.944681624125715	1.05769597922792	0.781181427192135
DO50410	274	277	322	377	368	209.8	242.57	289.19	344.14	453.74	1.30600571973308	1.14193840953127	1.11345482208928	1.0954843958854	0.811037157843699
DO50411	257	249	233	290	278	184.55	210.31	244.28	285	356.86	1.39257653752371	1.18396652560506	0.953823481251023	1.01754385964912	0.779016981449308
DO50412	295	294	311	400	369	223.7	261.67	311.14	376.4	490.45	1.318730442557	1.12355256620935	0.999550041781835	1.06269925611052	0.752370272199001
DO50434	248	287	232	262	300	196.64	223.69	258.35	303.02	380.91	1.26118795768918	1.28302561580759	0.898006580220631	0.864629397399512	0.787587619122627
DO50435	179	201	168	229	291	139.79	166.07	203.25	245.74	332.46	1.28049216682166	1.21033299211176	0.826568265682657	0.93187922194189	0.875293268363111
DO50436	190	204	223	217	216	149.95	172.33	200.46	236.14	298.68	1.26708902967656	1.18377531480299	1.11244138481493	0.918946387736089	0.723182000803536
DO50437	269	274	297	351	429	222.55	259.46	306.29	367.02	473.02	1.20871714221523	1.05603946658444	0.969669267687486	0.956351152525748	0.906938395839499
DO50438	218	234	264	280	366	172.15	200.01	242.44	293.97	386.43	1.26633749636945	1.16994150292485	1.08892921960073	0.952478144028302	0.947131433894884
DO50439	177	218	215	234	263	167.04	189.41	215.47	249.8	310.77	1.05962643678161	1.15094240008447	0.997818721863833	0.936749399519616	0.846285033947936
DO50440	322	318	340	409	412	243.11	282.68	329.7	389.77	503.52	1.32450331125828	1.12494693646526	1.03124052168638	1.04933678836237	0.818239593263426
DO50441	435	431	493	517	596	339.47	393.33	455.51	534.68	684.5	1.28140925560432	1.09577199806778	1.08230335228645	0.966933492930351	0.870708546384222
DO50442	359	390	435	433	473	285.27	336	395.96	479.69	619.88	1.25845690048025	1.16071428571429	1.09859581775937	0.902666305322187	0.763050913079951
DO50443	198	185	183	176	190	152.41	167.81	187.06	208.18	249.07	1.29912735384817	1.10243728025743	0.978295733989094	0.845422230761841	0.762837756454009
DO50444	382	392	429	425	451	292.26	334.8	389.66	462.45	586.09	1.30705536166427	1.17084826762246	1.10095981111738	0.919018272245648	0.769506389803614
DO50445	228	297	281	287	317	212.52	239.36	277.85	326.25	409.09	1.07284020327499	1.24080882352941	1.01133705236638	0.879693486590038	0.774890610868024
DO50446	334	365	310	330	375	240.59	277.85	321.72	387.34	488.26	1.38825387588844	1.31365844880331	0.963570806912843	0.851964682191356	0.768033424814648
DO50447	338	343	362	413	406	245.23	285.68	333.67	399.92	510.85	1.3782979243975	1.20064407728927	1.08490424671082	1.03270654130826	0.794753841636488
DO50448	248	268	281	298	347	203.49	230.2	266.82	318.32	401.06	1.218733107278	1.16420503909644	1.05314444194588	0.936164865544107	0.865207200917568
DO50449	239	292	310	332	379	223.45	252.78	291.98	338.97	427.82	1.06959051241889	1.15515467995886	1.06171655592849	0.979437708351771	0.885886587817306
DO50450	381	388	417	445	489	332.29	371.1	414.78	475.67	578.21	1.14658882301604	1.04554028563729	1.00535223491972	0.93552252612105	0.845713495096937
DO50451	291	321	297	323	325	227.02	260.65	300.75	357.96	459.7	1.28182538983349	1.23153654325724	0.987531172069825	0.902335456475584	0.706982814879269
DO50452	672	639	608	604	579	475.17	522.15	583.71	657.47	776.01	1.41423069638235	1.2237862683137	1.04161312980761	0.918673095350358	0.74612440561333
DO50453	329	365	325	378	432	271.73	301.86	343.34	396.7	490.03	1.2107606815589	1.20916981382098	0.946583561484243	0.952861104108898	0.881578678856397
DO50454	811	822	853	893	1003	660.37	741.35	846.5	965.8	1202.51	1.22809939882187	1.10878802185203	1.0076786769049	0.924622074963761	0.834088697807087
