"rownames(PCA_all)"	"PC1"	"PC2"	"PC3"	"PC4"	"PC5"	"PC6"	"PC7"	"PC8"	"PC9"	"PC10"	"PC11"	"PC12"	"PC13"	"PC14"	"PC15"	"PC16"	"PC17"	"PC18"	"PC19"
"TCGA-BT-A3PJ"	-17.5720749450013	1.35606593495426	-10.8636656677023	3.11408088686024	-2.74248049576211	0.687011960507905	-1.26013951966564	7.69420332263753	-6.79505786222898	6.32273531377417	-0.329053179592139	-13.6828059437713	-2.46964330995015	-10.8568413586996	-0.532122458723731	-16.1095626095221	-8.76914307771175	-15.7143017354003	1.54754681291891e-14
"TCGA-DK-A1A7"	-25.797425348875	-4.96797722039968	-9.45971966938077	3.43146835209475	-0.959982669240198	14.1661057519908	-5.67868259694637	4.91112586437002	25.6715011189673	-20.4796722193003	-10.1438271370979	4.67719568739599	-4.28372619421686	-2.33283377252134	3.066977138798	0.274747310794433	-0.675847660344494	1.50605398646315	-4.41179211219112e-14
"TCGA-FD-A3N5"	-11.8547191089127	1.84020634486458	-9.01540509068902	0.398798172262631	-4.08272190879949	0.496651512650818	-1.71326335945205	4.07801175924527	-3.53199139742155	7.27226208934402	-0.231206804980793	-19.1516087360764	-4.74235911412433	-11.233628705632	-5.45821603738557	7.577721100802	17.2671418000798	11.8999374961204	1.40512601554121e-14
"TCGA-FT-A3EE"	-23.5220567031175	21.1423877086598	41.4258011849061	9.86890398023706	4.45926121967242	4.47490234634327	7.89622282528338	-7.61404225182661	1.70523435930377	2.30460048003545	0.44614489699671	0.834976775217851	-0.692225772676911	-2.56597062551938	-0.11150730352935	-2.4219998872959	2.22599333582063	-0.376394318341374	5.39499001028787e-16
"pooled_low_WT"	-2.64795401465518	-0.215542008987534	1.11675860115587	-0.807189695842888	-3.25874704645078	-2.73514206920407	1.46779983775121	1.85025361255533	-4.47827231548415	0.155559457483105	4.87010280094708	-3.46724459672098	-0.540794295590681	-4.71297312978313	0.28275070175353	4.68718542698372	-24.1656439716843	17.3671129997811	-1.04534436662362e-14
"TCGA-BL-A13J"	18.7447218057079	-8.50403023782917	3.72355545602989	-28.1339106875759	12.1465873248223	24.2134284503539	22.605557535259	1.68506118977946	4.80566460750979	4.16117458599607	-0.842279654770396	-7.44995160047637	0.759549945543304	4.06878149311312	-1.72090888811788	-1.21484312046243	-0.522037689463409	-1.19532972217793	-5.62414698146441e-14
"TCGA-BT-A20T"	-3.47569872932163	-5.60499041490347	-0.964588658187059	-5.48875664019106	-0.424383736758886	-2.58952511681695	-2.46428163562528	5.60795076315831	-0.690116158367342	-5.43614429658496	22.9142093599255	15.1004272020639	-5.52162611677733	0.691990173452381	-20.7660515707464	-8.1611367810436	3.89084708296794	1.76198716120764	1.38153377626793e-14
"TCGA-BT-A20V"	23.5907656096123	45.6661356813167	-14.4136643073773	-7.53133926821013	-0.044203202509432	1.0118089318612	-11.1463939793199	-4.04412411396855	4.63685389737011	-1.52520362583133	0.394497333873237	-0.148596497089179	-0.0269870669646312	5.35838741167695	0.874978450773912	-3.50726816191389	0.0309596506472594	1.11215215247655	1.83315819121677e-14
"TCGA-BT-A2LA"	-4.11288143546667	-8.71688384340581	-14.1331723188118	5.32843833217018	-14.7990525513491	4.43679917259312	8.72592714624884	-35.4694284434562	2.70845829394173	9.38955283856527	3.8340452838401	7.11964830402937	3.81268549577113	-2.27667539764388	4.26248904522914	-3.54885805578703	1.5889274936152	0.932340690524745	9.29464838428373e-15
"TCGA-BT-A3PH"	-22.1957811806618	-1.58912942519819	-3.48154581059872	2.88472336976166	-5.82723860307571	-2.79826546408	-2.49526310104396	-0.962034846254502	-0.573485815483776	4.09298038971832	3.85963440361826	-9.51914211437096	-0.847866303010726	26.0856607245979	-5.3264256636708	13.2415837863915	-3.24330929534582	-7.88840726722049	4.08006961549745e-15
"TCGA-CF-A27C"	-4.89884658943554	-8.86610541935695	4.22445020767768	-21.3768949640743	18.8593603867732	-33.5666032644135	-7.937259185775	-10.36377672743	9.39201691827006	1.47144663223808	-7.48325314899468	-1.87904315012782	0.804704373186548	-1.98684943995022	0.241629950298569	-1.53551724872829	0.309586414069775	-0.860030683196835	1.67862685557241e-14
"TCGA-DK-A1A5"	-13.4382011519883	-1.96926636534026	-1.03655785618911	-5.54007736293944	-0.271990782629172	0.904181465341792	-5.02651293412273	13.3781711405957	-4.34682017313271	0.689499863318588	9.09701241385287	4.73572710109583	28.4379987653552	1.82198906006716	13.0585475658738	-2.21152689286256	5.05943239033043	2.50700708778288	8.1826906361826e-15
"TCGA-DK-A1A6"	3.55104919138442	-5.52577461498116	1.730858953314	-2.81062141692729	0.834885047478757	-3.33069380521008	0.958109057611028	2.46179015254206	-12.3340622653769	-8.45423438117888	9.58299153000696	2.1539053607949	-20.8584477276478	4.99885319585133	22.6315575480241	-2.07152535906063	4.61551374037468	0.547834057700019	9.56179579958416e-15
"TCGA-DK-A1AA"	36.1701545596595	-16.0908657467994	19.9667810270097	6.24201933418364	-20.9277661435143	1.1610951834227	-19.8690316280554	2.78653918351225	11.2314210197875	3.14329403360981	-0.0770862794985289	-8.47846409601774	1.14731169208553	1.81332858668086	0.176347394403576	-4.33414255808661	0.51538075731623	-0.706461448269305	-7.79584730103977e-15
"TCGA-DK-A1AE"	16.382268934462	-8.36877834575206	-5.9162101334136	29.1047195138936	34.7241613821457	8.63763214398952	-8.91961156622992	-4.72719088983815	-3.60696191609004	0.966527990535673	1.81445788488476	-1.39526481443537	2.62565656068344	1.02398203337633	-1.48759968493773	1.10532851961443	-0.29149234586129	0.28938378963508	1.54216917014338e-14
"TCGA-DK-A3IL"	6.56784486326004	-3.09627189023785	2.80719982424739	-1.91567047490456	-7.16291552062096	-0.44340547003671	1.89041134951303	-7.23352024070356	-23.5773965334517	-24.1515521008861	-17.6980953092254	-0.907575518119381	6.45859820952314	2.04234961324159	-8.18471344532013	-1.91552228023611	1.81535438357139	0.00950851607411786	1.40564643258401e-14
"TCGA-FD-A3N6"	17.0576464649246	2.96702315785597	-5.89747803683781	19.5715188318103	-5.41383422736537	-20.7490240816805	31.5972465060656	13.6368304477449	9.01951022230022	-0.382417888359921	-4.10175331017245	2.44538116607172	1.9385981881188	2.01610361288461	-0.0857584440872735	-0.895293882228757	1.91516133293454	-0.128582591620136	2.33840724561674e-15
"TCGA-GD-A2C5"	-4.54881816021765	-2.28174908474185	-1.34774946128861	-1.98951665360119	-1.88240550660751	5.35237408946499	-7.18875401953909	11.1160579274925	-7.36388729231366	22.4328213595974	-20.6932305556554	19.9596513822072	-6.55118710290986	3.22135667992113	-1.36035659836039	-0.596854100495747	0.475729989265049	2.70699548271345	3.29510724261795e-15
"TCGA-H4-A2HQ"	12.0000059386425	2.82554579028213	1.53435175613534	-4.35069360900727	-3.22653296620938	0.670668262921725	-1.44208073195658	1.20812214984443	-1.87260870809969	-1.97323052207449	4.78668947204208	9.0527840883286	0.549759773602254	-17.1770101551138	0.438382299724647	21.6374847931376	-2.0425543305819	-13.7708056542528	4.91447160744229e-15
