Sample	Bin_1_obs	Bin_2_obs	Bin_3_obs	Bin_4_obs	Bin_5_obs	Bin_1_sim	Bin_2_sim	Bin_3_sim	Bin_4_sim	Bin_5_sim	Bin_1_obs_exp_ratio	Bin_2_obs_exp_ratio	Bin_3_obs_exp_ratio	Bin_4_obs_exp_ratio	Bin_5_obs_exp_ratio
DO10839	629	543	452	320	177	481.79	459.47	434.93	405.89	358.09	1.30554806035825	1.1817964176116	1.03924769503138	0.788390943359038	0.494289145186964
DO10840	544	461	310	214	147	382.47	363.54	344.09	321.79	283.34	1.42233377781264	1.26808604280134	0.900927083030603	0.665029988501818	0.518811322086539
DO10841	740	635	492	376	195	562.07	539.33	509.8	474.67	421.97	1.31656199405768	1.17738675764374	0.965084346802668	0.792129268755135	0.462118160058772
DO10843	29	24	30	20	27	31.84	29.72	28.48	26.44	23.2	0.910804020100503	0.807537012113055	1.05337078651685	0.75642965204236	1.16379310344828
DO10844	56	44	51	41	36	53.68	50.33	48.13	43.73	39.82	1.04321907600596	0.874230081462348	1.0596301682942	0.937571461239424	0.904068307383225
DO10858	3280	2931	2192	1758	930	2516.15	2392.4	2265.14	2093.58	1838.07	1.30357888043241	1.22512957699381	0.967710605084013	0.839709970481185	0.505965496417438
DO50306	788	598	471	348	215	554.57	532.4	503.24	465.02	409.84	1.42092071334547	1.12321562734786	0.935935140290915	0.74835490946626	0.524594963888347
DO50307	1710	1437	1073	804	467	1263.52	1204.78	1140.86	1053.16	919.18	1.35336203621628	1.19274888361361	0.940518556176919	0.763416764784078	0.508061533105594
DO50309	92	84	63	58	31	74.17	69.65	64.41	60.4	54.88	1.24039369017123	1.20603015075377	0.978108989287378	0.960264900662252	0.564868804664723
DO50311	269	205	185	159	87	201.13	191.79	180.65	168.28	151.35	1.33744344453836	1.06887741800928	1.02407971215057	0.944853815070121	0.574826560951437
DO50314	228	225	153	119	71	179.72	171.62	160.93	149.95	130.97	1.26864010683285	1.31103600978907	0.950723917231094	0.793597865955318	0.542108879896159
DO50315	991	857	628	477	271	742	708.15	666.11	626.89	548.82	1.3355795148248	1.21019558003248	0.942787227334825	0.760899041299111	0.493786669582012
DO50316	1341	1227	910	628	367	1033.91	996.54	943.51	881	775.66	1.29701811569672	1.23126016015413	0.964483683267798	0.712826333711691	0.473145450326174
DO50318	151	135	107	81	57	122	117.45	110.23	102.27	89.93	1.23770491803279	1.14942528735632	0.970697632223533	0.792021120563215	0.633826309351718
DO50319	1078	1044	839	690	519	960.22	897.9	850.54	783.04	675.55	1.12265939055633	1.16271299699298	0.986432148987702	0.881181038005721	0.768262896898823
DO50320	1725	1426	1067	825	456	1248.9	1197.88	1127.74	1055.27	922.56	1.38121546961326	1.19043643770662	0.946140067746112	0.781790442256484	0.494276795005203
DO50321	352	286	229	150	85	251.11	241.21	227.09	214.48	189.19	1.4017761140536	1.18568881887152	1.00841076225285	0.699365908243193	0.449283788783762
DO50323	1269	1152	896	761	513	1035.33	994.24	954.02	893.26	799.61	1.22569615484918	1.15867396202124	0.939183664912685	0.851935606654278	0.6415627618464
DO50325	1117	945	733	557	322	820.35	783.75	740.89	688.88	609.71	1.36161394526726	1.20574162679426	0.989350645844862	0.808558820113808	0.528119925866395
DO50326	2393	2198	1721	1302	796	1896.99	1823.26	1727	1610.94	1427.09	1.26147212162426	1.20553294648048	0.996525767226404	0.808223769972811	0.557778416217618
DO50327	315	224	189	133	77	224.57	213.41	205.16	190.21	166.33	1.40268067863027	1.04962279180919	0.921232209007604	0.699227169970033	0.4629351289605
DO50328	1403	1290	961	781	442	1107.24	1055.64	997.21	923.73	809.59	1.26711462736173	1.22200750255769	0.963688691449143	0.845485152587877	0.545955360120555
DO50329	499	453	315	240	153	395.55	376.96	361.66	335.6	295.72	1.26153457211478	1.20171901528014	0.870983796936349	0.715137067938021	0.517381306641417
DO50330	389	328	235	176	103	290.62	271.13	260.43	241.01	215.29	1.33851765191659	1.20975177958913	0.902353799485466	0.730260155180283	0.478424450740861
DO50331	188	160	137	111	76	144.91	138.29	128.91	119.52	104.54	1.2973569801946	1.1569889362933	1.06275696222171	0.928714859437751	0.726994451884446
DO50332	598	529	372	299	190	471.66	446.9	421.87	381.7	336.79	1.26786244328542	1.18371000223764	0.881788228601228	0.783337699764213	0.56414976691707
DO50334	123	111	97	75	46	102.58	95.98	90.48	84.43	72.27	1.19906414505752	1.15649093561159	1.07206012378426	0.888309842473055	0.63650200636502
DO50336	91	81	55	50	30	75.51	71.14	68.91	62.42	55.22	1.20513839226592	1.13859994377284	0.798142504716297	0.801025312399872	0.543281419775444
DO50337	260	241	173	131	72	203.65	191.9	181.34	169.03	148.48	1.27670022096735	1.2558624283481	0.954009043785155	0.775010353191741	0.484913793103448
DO50338	971	789	608	458	254	736.33	707.03	664.09	611.43	541.47	1.31870221232328	1.11593567458241	0.915538556520953	0.749063670411985	0.469093393909173
DO50339	2110	1869	1315	1014	543	1622.41	1550.15	1460.76	1358.3	1192.79	1.3005343901973	1.20568977195755	0.900216325748241	0.746521387027903	0.455235204855842
DO50340	316	258	178	150	74	213.06	203.28	190.6	177.21	155.86	1.48315028630433	1.26918536009445	0.93389296956978	0.846453360419841	0.474785063518542
DO50341	562	540	418	321	231	450.78	433.27	405.92	377.69	334.79	1.24672789387284	1.24633600295428	1.0297595585337	0.849903359898329	0.689984766570089
DO50342	3820	3361	2390	1763	1019	2747.63	2617.77	2483.59	2318.28	2047.73	1.39028908550278	1.28391722725832	0.962316646467412	0.760477595458702	0.497624198502732
DO50343	689	543	423	301	178	491.79	468.87	446.35	415.88	366.12	1.401004493788	1.15810352549747	0.947686792875546	0.723766471097432	0.486179394733967
DO50345	2012	1784	1269	935	597	1466.48	1411.32	1333.27	1242.52	1082.6	1.37199279908352	1.2640648470935	0.951795210272488	0.752502977819271	0.551450212451506
DO50346	1199	1046	808	578	360	894.87	867.76	822.62	759.2	679.86	1.33985942092147	1.2054024154144	0.982227516958012	0.761327713382508	0.52952078369076
DO50348	780	641	443	330	172	528.59	499.39	473.49	435.35	380.35	1.47562382943302	1.28356595045956	0.935605820608672	0.758010795911336	0.452215065071644
DO50349	209	170	117	94	61	140.13	133.75	126.52	115.47	104.62	1.49147220438165	1.27102803738318	0.924754979449889	0.814064259114922	0.583062511948002
DO50350	490	417	293	234	135	359.04	336.13	316.87	292.19	256.48	1.3647504456328	1.24059143783655	0.924669422791681	0.800848762791334	0.526356830941984
DO50354	82	87	64	39	27	67.61	65.33	61.62	57.69	51.16	1.21283833752404	1.33170059696923	1.03862382343395	0.676027041081643	0.527756059421423
DO50355	1928	1527	1148	812	443	1392.71	1319.8	1243.1	1157.67	1008.73	1.38435137250397	1.15699348386119	0.923497707344542	0.701408864356855	0.439166080120548
DO50356	0	0	0	1	3	0.51	0.57	0.59	0.56	0.47	0	0	0	1.78571428571429	6.38297872340426
DO50357	350	313	237	190	111	282.37	269.09	253.97	233	207.52	1.2395084463647	1.1631796053365	0.933181084380045	0.815450643776824	0.534888203546646
DO50362	290	218	189	150	82	220.26	207.87	193.12	178.49	158.99	1.31662580586579	1.04873238081493	0.978666114333057	0.840383214745924	0.515755707906158
DO50364	1193	1069	757	544	370	888.61	845.94	801.58	744.63	653.4	1.34254622387774	1.26368300352271	0.944384839941116	0.730564172810658	0.56626874808693
DO50365	465	412	343	287	180	404.54	387.21	366.14	341.72	297.41	1.14945370049933	1.06402210686707	0.936800131097394	0.839868898513403	0.605225110117346
DO50367	53	40	34	26	21	41.78	39.31	36.25	34.19	31.43	1.26854954523696	1.01755278555075	0.937931034482759	0.760456273764259	0.66815144766147
DO50370	39	39	25	27	16	35.87	34.71	33.26	29.3	26.42	1.08725954836911	1.12359550561798	0.751653638003608	0.921501706484642	0.60560181680545
DO50372	599	598	427	387	219	511.95	493.75	463.39	436.31	380.6	1.17003613634144	1.21113924050633	0.921470036038758	0.886984025119754	0.57540725170783
DO50374	889	830	600	467	286	691.53	669.5	628.25	581.23	515.07	1.28555521813949	1.23973114264376	0.955033824114604	0.803468506443232	0.555264333003281
DO50381	119	143	86	60	48	103.73	99.1	92.78	86.58	74.51	1.1472091005495	1.44298688193744	0.926923906014227	0.693000693000693	0.644208831029392
DO50382	109	93	66	58	39	84.79	80.46	75.55	70.74	61.89	1.28552895388607	1.1558538404176	0.873593646591661	0.819903873338988	0.630150266602036
DO50383	135	117	78	66	44	100.1	94.07	91.99	83.29	75.7	1.34865134865135	1.24375465079196	0.847918251983911	0.792412054268219	0.581241743725231
DO50384	2352	1948	1461	993	538	1652.62	1598.33	1509.65	1405.33	1241.42	1.42319468480352	1.21877209337246	0.967773987348061	0.706595603879516	0.433374683829808
DO50385	400	339	239	202	127	296.38	282.63	268.28	247.21	221.93	1.34961873270801	1.19944804160917	0.890860295213956	0.817119048582177	0.57225251205335
DO50387	689	629	412	325	175	519.01	496.89	463.39	434.43	379.75	1.32752740794975	1.26587373462939	0.889099894257537	0.748106714545496	0.460829493087558
DO50388	705	656	461	333	201	537.62	515.71	485.51	449.52	399.29	1.31133514378185	1.27203273157395	0.949517002739387	0.740790176187934	0.50339352350422
DO50389	1094	982	693	507	271	813.83	772.19	729.14	683.77	591.95	1.34426108646769	1.27170774032298	0.950434758756892	0.741477397370461	0.457808936565588
DO50390	55	35	30	31	26	38.17	35.42	34.5	31.15	27.63	1.44092219020173	0.988142292490119	0.869565217391304	0.995184590690209	0.941006152732537
DO50392	166	121	107	96	51	131.16	124.15	118.53	110.48	97.75	1.26562976517231	0.974627466774064	0.902725048510925	0.868935553946416	0.521739130434783
DO50393	417	332	226	160	136	294.19	278.7	258.11	237.5	210.9	1.41745130697848	1.19124506637962	0.875595676262059	0.673684210526316	0.644855381697487
DO50395	43	39	25	22	13	37.4	35.55	33.76	30.15	26.76	1.14973262032086	1.09704641350211	0.740521327014218	0.729684908789386	0.485799701046338
DO50396	353	272	209	138	88	235.8	225.16	212.72	193.6	171.67	1.49703138252757	1.20802984544324	0.98251222264009	0.712809917355372	0.512611405603775
DO50398	2212	1774	1319	844	435	1559.88	1507.7	1420.45	1328.06	1167.08	1.4180577993179	1.17662664986403	0.928578971452709	0.635513455717362	0.372725091681804
DO50399	103	77	71	52	35	81.08	76.72	71.6	66.95	59.86	1.27035027133695	1.0036496350365	0.991620111731844	0.776699029126214	0.584697627798196
DO50401	524	482	347	289	191	417.39	398.86	375.24	351.87	304.8	1.25542058985601	1.20844406558692	0.924741498774118	0.821326057919118	0.626640419947507
DO50402	125	113	77	58	30	82.36	78.33	74.59	71.61	63.42	1.51772705196697	1.4426145793438	1.03230996112079	0.809942745426616	0.473036896877956
DO50403	1125	1049	884	778	586	957.62	921.38	873.78	822.56	728.61	1.17478749399553	1.13850962686405	1.01169630799515	0.945827659988329	0.804271146429503
DO50405	153	136	127	89	40	136.68	130.01	121.95	113.41	97.28	1.11940298507463	1.04607337897085	1.04141041410414	0.784763248390794	0.411184210526316
DO50406	6200	5496	4308	3320	1874	4833.82	4637.03	4401.58	4123.16	3672.96	1.28262947317029	1.18524141530247	0.978739452651094	0.805207656263642	0.510215194284719
DO50407	1379	1335	1134	892	512	1174.49	1126.77	1069.7	994.11	873.24	1.17412664220215	1.18480257727842	1.06011031130223	0.89728500870125	0.586322202372773
DO50408	1190	1008	700	556	293	846.89	812.94	766.91	705.64	624.39	1.40514116355135	1.23994390729943	0.912753778148675	0.787937191769174	0.469257995803905
DO50409	140	103	100	82	41	100.6	97.01	91.63	86.43	75.96	1.39165009940358	1.06174621173075	1.09134562916076	0.948744648848779	0.539757767245919
DO50410	405	418	320	257	177	350.2	336.8	319.34	295.66	264.38	1.15648201027984	1.24109263657957	1.00206676269806	0.869241696543327	0.669490884333157
DO50411	3494	3156	2628	2058	1264	2723.86	2632.58	2511.19	2335.99	2089.37	1.28273846673471	1.19882396736282	1.04651579530024	0.880996922075865	0.604967047483213
DO50412	334	274	219	162	107	253.94	241.7	228.32	214.54	184.58	1.31527132393479	1.13363673976003	0.959180098107919	0.755103943320593	0.579694441434608
DO50434	126	102	78	57	31	85.45	79.99	76.47	71.21	65.22	1.47454651843183	1.27515939492437	1.0200078462142	0.800449375087769	0.475314320760503
DO50435	960	804	610	413	255	692.97	665.21	627.99	586.2	511.87	1.38534135676869	1.20864088032351	0.971353047023042	0.704537700443535	0.498173364330787
DO50436	342	256	210	178	97	257.96	245.77	229.43	212.09	186.82	1.3257869437122	1.04162428286609	0.915311859826527	0.839266349191381	0.51921635799165
DO50437	1139	938	766	561	342	857.76	831.67	778.07	731.52	646.79	1.32787726170491	1.12785119097719	0.98448725693061	0.766896325459318	0.528765132423198
DO50438	901	760	586	445	281	657.81	635.35	598.68	553.37	488.28	1.3696964168985	1.196191075785	0.978820070822476	0.804163579521839	0.575489473253052
DO50439	604	529	416	348	217	480.47	455.6	434.13	400.55	360.17	1.25710242054655	1.16110623353819	0.958238315711884	0.868805392585195	0.602493267068329
DO50440	894	773	576	411	190	657.02	628.08	590.71	548.43	484.03	1.36068917232352	1.23073493822443	0.97509776370808	0.749411957770363	0.392537652624837
DO50441	1332	1099	876	635	394	1001.17	959.69	911.39	846.48	743.59	1.33044338124394	1.1451614583876	0.961169203085397	0.750165390794821	0.529861886254522
DO50442	1749	1590	1306	1003	626	1412.89	1352.2	1275.1	1187.96	1051.61	1.23788829986765	1.17586155894099	1.02423339345934	0.844304522037779	0.595277717024372
DO50443	85	64	50	37	41	62.17	58.98	55.75	51.57	46.22	1.36721891587582	1.08511359782977	0.896860986547085	0.71747139809967	0.887061877974903
DO50444	931	813	575	389	198	663.5	633.09	595.09	555.6	489.11	1.40316503391108	1.28417760507985	0.966240400611672	0.700143988480922	0.404816912351005
DO50445	222	178	141	89	50	173.8	167.11	156.43	145.88	128.91	1.27733026467204	1.0651666566932	0.901361631400626	0.610090485330409	0.387867504460476
DO50446	466	382	309	251	162	367.28	352.84	331.01	313.59	274.88	1.26878675669789	1.08264369119147	0.933506540587898	0.800408176281131	0.589348079161816
DO50447	2425	2154	1619	1206	649	1792.61	1727.52	1632.75	1529.34	1355.55	1.35277611973603	1.24687413170325	0.99157862501914	0.788575463925615	0.478772453985467
DO50448	467	394	291	258	130	343.87	330.5	312.21	289.81	260.51	1.35807136417832	1.19213313161876	0.932064956279427	0.890238432076188	0.499021150819546
DO50449	486	422	327	237	137	375.12	356	336.84	315.69	274.94	1.29558541266795	1.18539325842697	0.970787317420734	0.750736481991827	0.498290536116971
DO50450	3056	3287	3035	2825	2152	3196.67	3066.44	2911.5	2711.01	2388.55	0.955994832122177	1.07192705547801	1.04241799759574	1.04204705995183	0.900965020619204
DO50451	659	575	423	331	216	512.42	490.25	460.91	430.47	377.96	1.28605440849303	1.17287098419174	0.917749669132802	0.76892698678189	0.571489046459943
DO50452	4960	4371	3690	2899	1778	3936.2	3725.84	3529.75	3264.7	2859.74	1.26009857222702	1.17315826766581	1.04539981585098	0.8879835819524	0.621734843027688
DO50453	580	478	365	298	180	426.03	408.31	382.14	358.45	312.28	1.36140647372251	1.17067914084886	0.955147328204323	0.831357232528944	0.576405789675932
DO50454	397	363	267	186	118	314.8	296.16	279.04	261.66	229.83	1.26111817026684	1.22568881685575	0.956852064220183	0.710846136207292	0.51342296480007
