Base Changes	Tri-nucleotide Context	TCGA-130 Signature 5*	DFCI-MSK-50 Signature 5*	BGI-99 C>T_CpG+Signature 5*	COMB-279 Signature 5*	COMB-MI-242 Signature 5*	TCGA-130/DFCI-MSK-50 Signature 5*	COSMIC Signature 5
T>G	TTT	0.00696	0.0097	0.00386	0.0069	0.00735	0.0076	0.0134
T>G	GTT	0.00375	0.00422	0	0.0036	0.00394	0.00415	0.00331
T>G	CTT	0.00894	0.00872	0.00221	0.00813	0.00873	0.00884	0.0115
T>G	ATT	0.00318	0.00234	0.00229	0.00299	0.00317	0.00312	0.00382
T>G	TTG	0.00517	0.00422	0.00229	0.00444	0.00489	0.00494	0.00606
T>G	GTG	0.00368	0.00287	0.0111	0.00482	0.00491	0.00368	0.00595
T>G	CTG	0.00831	0.00921	0.00276	0.00832	0.00859	0.00857	0.00715
T>G	ATG	0.00426	0.00457	0	0.00381	0.00417	0.00454	0.00549
T>G	TTC	0.00388	0.00352	0.00689	0.00416	0.00418	0.00402	0.00513
T>G	GTC	0.00227	0.00361	0.00218	0.00276	0.00268	0.00271	0.000328
T>G	CTC	0.00481	0.00298	0.000383	0.00349	0.00377	0.00396	0.00348
T>G	ATC	0.00139	0.00183	0.00449	0.00234	0.0022	0.00173	0.00225
T>G	TTA	0.00151	0.00179	0.00346	0.00194	0.0016	0.00158	0.0052
T>G	GTA	0.00303	0.0025	0.00201	0.00238	0.00262	0.0028	0.00163
T>G	CTA	0.00252	0.00167	0.00224	0.00208	0.00235	0.00236	0.00204
T>G	ATA	0.00172	0.0022	0.0026	0.0023	0.00198	0.00207	0.00346
T>C	TTT	0.00806	0.0161	0.00833	0.00941	0.0099	0.0106	0.0174
T>C	GTT	0.0108	0.0204	0.0172	0.0128	0.0129	0.0132	0.0157
T>C	CTT	0.0109	0.0252	0.013	0.0152	0.0154	0.0157	0.0191
T>C	ATT	0.0148	0.0135	0.0181	0.0169	0.0171	0.0153	0.0273
T>C	TTG	0.0115	0.00958	0.00899	0.0109	0.0111	0.0108	0.0126
T>C	GTG	0.01	0.0202	0.00738	0.013	0.0135	0.013	0.0141
T>C	CTG	0.0198	0.0255	0.0291	0.0229	0.0221	0.0221	0.0187
T>C	ATG	0.0234	0.0301	0.0169	0.0254	0.0266	0.0266	0.0284
T>C	TTC	0.0102	0.0116	0.00684	0.00965	0.0104	0.0103	0.0142
T>C	GTC	0.00868	0.0108	0.00975	0.00991	0.0102	0.00975	0.00957
T>C	CTC	0.00794	0.0136	0.0139	0.00956	0.00913	0.00994	0.0125
T>C	ATC	0.00833	0.0135	0.00931	0.0095	0.00976	0.0101	0.0138
T>C	TTA	0.0121	0.0132	0.0064	0.0121	0.0122	0.0125	0.0171
T>C	GTA	0.0158	0.0219	0.00862	0.0171	0.0182	0.0187	0.0163
T>C	CTA	0.00737	0.0156	0.00497	0.00957	0.00978	0.00983	0.0142
T>C	ATA	0.0236	0.0268	0.0268	0.0252	0.0256	0.0249	0.0354
T>A	TTT	0.00428	0.0023	0.00319	0.00431	0.00404	0.00339	0.0102
T>A	GTT	0.00457	0.00318	0.00177	0.00451	0.00446	0.00426	0.0051
T>A	CTT	0.006	0.00476	0.00349	0.00816	0.00702	0.00561	0.00978
T>A	ATT	0.00525	0.00502	0.00375	0.00523	0.00514	0.00529	0.0112
T>A	TTG	0.00434	0.00457	0	0.00627	0.00518	0.00433	0.00714
T>A	GTG	0.00577	0.00438	0.00291	0.00637	0.0059	0.00552	0.00681
T>A	CTG	0.0141	0.0118	0.00424	0.019	0.0164	0.0133	0.0105
T>A	ATG	0.00608	0.00739	0.00448	0.00966	0.00852	0.00677	0.0115
T>A	TTC	0.00542	0.00884	0.00258	0.00682	0.00651	0.00637	0.00684
T>A	GTC	0.00547	0.00641	0.000593	0.00529	0.00556	0.00595	0.00402
T>A	CTC	0.00557	0.00441	0.00744	0.00813	0.007	0.00537	0.00621
T>A	ATC	0.00521	0.00253	0.0021	0.00488	0.00467	0.00494	0.0074
T>A	TTA	0.00212	0.00279	0.00244	0.0026	0.00254	0.00216	0.00921
T>A	GTA	0.00432	0.00425	0.00535	0.00544	0.00496	0.00459	0.00674
T>A	CTA	0.00256	0.00348	0.00149	0.00532	0.00411	0.00298	0.00504
T>A	ATA	0.00526	0.00253	0.00336	0.00515	0.00504	0.00463	0.0089
C>A	ACA	0.0141	0.0112	0.00681	0.0115	0.0117	0.0128	0.0149
C>A	ACC	0.0145	0.00887	0.0167	0.013	0.0125	0.0126	0.00896
C>A	ACG	0.00717	0.00316	0.00879	0.00757	0.00657	0.00613	0.00221
C>A	ACT	0.00968	0.00406	0.00562	0.0072	0.00738	0.00789	0.00921
C>A	CCA	0.0173	0.00979	0.0156	0.0166	0.0159	0.0148	0.00967
C>A	CCC	0.0151	0.00766	0.00974	0.0118	0.0117	0.0125	0.00495
C>A	CCG	0.0145	0.00668	0.0125	0.0122	0.0121	0.0119	0.0028
C>A	CCT	0.012	0.00881	0.0085	0.011	0.0107	0.0111	0.011
C>A	GCA	0.0134	0.00492	0.012	0.0103	0.00978	0.0106	0.0119
C>A	GCC	0.0148	0.00541	0.0172	0.012	0.0111	0.0114	0.00925
C>A	GCG	0.00895	0.00768	0.00669	0.00902	0.00847	0.00899	0.00281
C>A	GCT	0.0138	0.00582	0.0102	0.0109	0.011	0.0112	0.0103
C>A	TCA	0.00861	0.01	0.00742	0.00932	0.00912	0.00907	0.0148
C>A	TCC	0.0195	0.0132	0.0197	0.0178	0.0167	0.0175	0.012
C>A	TCG	0.00476	0.00186	0.0084	0.00456	0.00422	0.00467	0.0039
C>A	TCT	0.0133	0.0089	0.0131	0.0114	0.0116	0.0117	0.0182
C>G	ACA	0.00729	0.00668	0.000766	0.00557	0.00634	0.00692	0.0117
C>G	ACC	0.00665	0.00562	0.00162	0.0056	0.00616	0.00601	0.00729
C>G	ACG	0.0059	0.00402	0	0.00398	0.00458	0.0051	0.0023
C>G	ACT	0.00752	0.0111	0.00519	0.0084	0.00891	0.00872	0.0117
C>G	CCA	0.0119	0.011	0.00779	0.0103	0.0109	0.0112	0.00754
C>G	CCC	0.0113	0.00729	0.00827	0.00971	0.00961	0.0101	0.00763
C>G	CCG	0.0123	0.00733	0.00732	0.0105	0.0109	0.0109	0.00261
C>G	CCT	0.0138	0.0106	0.00721	0.0112	0.012	0.0125	0.00942
C>G	GCA	0.00727	0.00256	0.00994	0.00633	0.00584	0.0059	0.00556
C>G	GCC	0.00736	0.0142	0.000924	0.00782	0.00849	0.00929	0.00539
C>G	GCG	0.00462	0.00466	0.00502	0.00517	0.00525	0.0048	0.0011
C>G	GCT	0.00633	0.00639	0.00295	0.0055	0.00592	0.0062	0.00604
C>G	TCA	0.000517	0.00908	0	0	0	0.00304	0.00268
C>G	TCC	0.0121	0.0167	0.00523	0.0112	0.0112	0.0133	0.00792
C>G	TCG	0.00364	0.00546	0.00211	0.00351	0.0041	0.00426	0.00132
C>G	TCT	0	0	0	0	0	0	0.00664
C>T	ACA	0.0193	0.0199	0.0104	0.0172	0.0186	0.0194	0.0218
C>T	ACC	0.0174	0.0126	0.0122	0.0155	0.0157	0.0159	0.0128
C>T	ACG	0.0242	0.0353	0.0615	0.0269	0.0269	0.025	0.0168
C>T	ACT	0.015	0.0114	0.0163	0.0145	0.0145	0.0137	0.0165
C>T	CCA	0.0312	0.024	0.0203	0.0285	0.0289	0.0293	0.0228
C>T	CCC	0.0235	0.0308	0.0231	0.0247	0.0249	0.0263	0.0175
C>T	CCG	0.0319	0.0536	0.0598	0.0364	0.036	0.0366	0.0129
C>T	CCT	0.0394	0.033	0.0269	0.0343	0.0362	0.0374	0.0204
C>T	GCA	0.0209	0.0154	0.0227	0.0205	0.0208	0.0195	0.02
C>T	GCC	0.0239	0.0214	0.059	0.0236	0.0223	0.022	0.018
C>T	GCG	0.0267	0.0275	0.0651	0.0269	0.0248	0.0256	0.0132
C>T	GCT	0.0241	0.024	0.0296	0.0234	0.023	0.024	0.0195
C>T	TCA	0	0	0	0	0	0	0.011
C>T	TCC	0.0174	0.0106	0.017	0.0176	0.0188	0.017	0.0206
C>T	TCG	0.00556	0.00597	0.0275	0.00426	0.00436	0.00417	0.00753
C>T	TCT	0.00465	0.00138	0.00176	0.00398	0.00528	0.00541	0.0118
