pooled_low_WT
0.0101663
0.0078547
0.00127374
0.00596768
0.0082321
0.00577898
0.0011558
0.00620356
0.0072886
0.00448166
0.00141526
0.00502418
0.0243661
0.013044
0.00247671
0.0208043
0.00436372
0.00264182
0.000707631
0.00535441
0.00342021
0.00235877
0.000967095
0.00540158
0.00224083
0.00181625
0.000518929
0.00285411
0.0892794
0.020993
0.00405708
0.115108
0.0117703
0.00627432
0.0320793
0.0084208
0.0133506
0.0109211
0.0221488
0.0148131
0.00993042
0.00983607
0.0288477
0.0123835
0.118481
0.0298856
0.0285175
0.0599835
0.00599127
0.00384479
0.00391556
0.00908126
0.00242953
0.00308999
0.00313716
0.00393914
0.0017219
0.00139167
0.00198137
0.00254747
0.00752447
0.00233518
0.00188701
0.00646303
0.01453
0.00403349
0.00875103
0.0120297
0.00405708
0.0030664
0.0042222
0.00511853
0.00667532
0.00356174
0.00389197
0.00554311
0.00681684
0.00419861
0.00419861
0.00724142
0.00219365
0.00106145
0.00129732
0.00372685
0.00120297
0.00132091
0.00167473
0.00429296
0.000849157
0.000589692
0.00183984
0.00238236
0.00247671
0.0015332
0.00238236
0.0066989
