TCGA-DK-A1AE
0.0174496
0.0090561
0.0011044
0.00912973
0.0114858
0.00714181
0.00206155
0.00949786
0.0101605
0.00787807
0.00176704
0.0079517
0.0280518
0.0212782
0.00434398
0.0242232
0.00721543
0.00331321
0.000589015
0.00647916
0.00419673
0.00360772
0.00176704
0.00552201
0.00176704
0.00287145
0.000736269
0.0038286
0.0692092
0.0186276
0.00471212
0.0982182
0.0133265
0.00728906
0.0156089
0.011044
0.0157561
0.0123693
0.0113385
0.0146517
0.0118539
0.00971875
0.0134737
0.00942424
0.119276
0.0296716
0.0201001
0.0654543
0.00530113
0.00427036
0.00316595
0.00839346
0.00309233
0.00353409
0.00279782
0.00537476
0.00228243
0.0019143
0.00154616
0.00338684
0.00559564
0.00456487
0.00294507
0.0087616
0.0149463
0.00360772
0.0090561
0.014799
0.00427036
0.00368134
0.00375497
0.00530113
0.00530113
0.00235606
0.00419673
0.00633191
0.00787807
0.00419673
0.00404948
0.0087616
0.00279782
0.00132528
0.00353409
0.00441761
0.00228243
0.00228243
0.00228243
0.0030187
0.00139891
0.0011044
0.00198793
0.00169342
0.00235606
0.00265057
0.00419673
0.00765719
