TCGA-BT-A2LA
0.00678533
0.00457272
0.00118006
0.00314682
0.00693284
0.00653948
0.00201593
0.00560527
0.00727702
0.00378602
0.00177009
0.00447438
0.0220769
0.0115547
0.00221261
0.0152916
0.00358934
0.00167175
0.000835874
0.00339266
0.00299931
0.00172092
0.00137673
0.00481857
0.00181925
0.00118006
0.000639198
0.00211427
0.0872259
0.0203068
0.00265513
0.114367
0.0122923
0.0049169
0.0467598
0.00609696
0.0151932
0.00870292
0.041007
0.014554
0.00806372
0.00717868
0.0330416
0.00801455
0.151883
0.0342708
0.0332874
0.075622
0.00304848
0.00196676
0.00250762
0.00344183
0.00167175
0.00231095
0.00275347
0.003491
0.00216344
0.00113089
0.00147507
0.00113089
0.00314682
0.00201593
0.00167175
0.00368768
0.0131773
0.00211427
0.00747369
0.00752286
0.00383519
0.00295014
0.00329433
0.00575278
0.00535943
0.00181925
0.00575278
0.00344183
0.00634281
0.00196676
0.00565444
0.00442521
0.000835874
0.000344183
0.00122923
0.00221261
0.000786705
0.000983381
0.00132756
0.00467106
0.000786705
0.000393352
0.00108172
0.00186842
0.00137673
0.000835874
0.00137673
0.00457272
