TCGA-BT-A3PH
0.00411728
0.00220287
0.000472044
0.0020193
0.00419595
0.00346166
0.00083919
0.00283227
0.00249135
0.00207175
0.00039337
0.00175705
0.0275884
0.0123518
0.00199308
0.0162593
0.00364523
0.00125879
0.000340921
0.00367146
0.00458932
0.00104899
0.00039337
0.00487779
0.00136368
0.00112766
0.000183573
0.00209798
0.160915
0.0356131
0.00723802
0.187638
0.00595301
0.00291094
0.00896885
0.00367146
0.0112766
0.00618903
0.0081821
0.00676597
0.00694954
0.00579566
0.00991293
0.00542851
0.205208
0.0378422
0.0222123
0.0866988
0.00167838
0.00107521
0.00128501
0.00327809
0.000786741
0.00083919
0.00136368
0.00110144
0.000524494
0.000524494
0.000603168
0.000734291
0.00317319
0.000550719
0.000681842
0.00236022
0.00569076
0.00152103
0.00291094
0.00375013
0.00175705
0.00104899
0.00118011
0.00152103
0.00277982
0.00083919
0.00128501
0.00175705
0.00259624
0.00110144
0.00146858
0.00228155
0.000524494
0.000498269
0.000367146
0.00120634
0.000419595
0.000314696
0.000419595
0.000970314
0.000340921
0.000340921
0.000524494
0.000708067
0.000629393
0.000498269
0.000734291
0.0024389
