TCGA-DK-A3IL
0.0267679
0.022682
0.00272394
0.0145102
0.0179675
0.0157674
0.00303824
0.0154531
0.0198533
0.017077
0.00398114
0.0203772
0.0181247
0.0161341
0.00246202
0.0216867
0.00670508
0.00555265
0.00130959
0.00550026
0.00717653
0.00508119
0.00120482
0.00754322
0.00764798
0.00450498
0.00136197
0.00460974
0.0218439
0.00780513
0.00162389
0.027187
0.0194343
0.0150864
0.0178628
0.0179675
0.0164484
0.0192771
0.0135673
0.0219487
0.0237297
0.0197486
0.0160817
0.0279728
0.0336302
0.0221582
0.0111053
0.0314825
0.00937664
0.00440021
0.00523834
0.00995285
0.00832897
0.00330016
0.00701938
0.00770037
0.00471451
0.00240964
0.00303824
0.00492404
0.00942902
0.00298586
0.00481928
0.0088528
0.0326873
0.00455736
0.0136197
0.018858
0.0122053
0.00591933
0.00775275
0.0105815
0.0161341
0.00335254
0.00529073
0.00921949
0.0173389
0.00586695
0.00686223
0.0129911
0.00314301
0.00141435
0.00130959
0.00350969
0.00235726
0.00141435
0.00246202
0.00235726
0.00136197
0.000680985
0.00204295
0.00110005
0.00345731
0.00178104
0.00440021
0.00471451
