TCGA-DK-A1A6
0.00809417
0.00513011
0.00202354
0.00513011
0.0100037
0.00624163
0.00202354
0.00795166
0.00803716
0.00441759
0.00153903
0.00578562
0.024197
0.0122553
0.00236555
0.0196654
0.0047311
0.00182404
0.000940519
0.0047596
0.00356257
0.00228005
0.00111152
0.0050446
0.00176704
0.00190954
0.000741015
0.00279306
0.10474
0.0232565
0.0047311
0.118733
0.0138798
0.00678314
0.0112862
0.00837917
0.0234275
0.0144498
0.0110867
0.0199219
0.00860718
0.00627013
0.0095477
0.00661214
0.135406
0.0324907
0.0157608
0.0655513
0.0047026
0.00256505
0.00322057
0.00584262
0.00302106
0.00265055
0.00376208
0.00376208
0.00245105
0.00111152
0.00208054
0.00253655
0.00595662
0.00228005
0.00265055
0.00515861
0.0286431
0.00282156
0.0115712
0.0106307
0.0110582
0.00262205
0.00458859
0.00672614
0.00874968
0.00179554
0.00350557
0.0049306
0.0125403
0.00313506
0.0046741
0.00598512
0.00165303
0.000684014
0.00133953
0.00199504
0.00136803
0.000883518
0.00142503
0.00319207
0.000598512
0.000456009
0.00116852
0.00145353
0.00145353
0.00099752
0.00205204
0.00430359
