TCGA-BT-A20T
0.00514443
0.00332311
0.0015657
0.00341897
0.00575153
0.0042817
0.00182132
0.00402607
0.00335506
0.00258819
0.0015657
0.002716
0.022431
0.0108321
0.00277991
0.0141552
0.00303553
0.00137398
0.000351483
0.00290772
0.00357873
0.00153374
0.000702965
0.00424974
0.00140593
0.00124617
0.000383436
0.00185327
0.105061
0.0221115
0.00405803
0.133052
0.0119504
0.00520833
0.00987347
0.0065184
0.0188203
0.0126853
0.00859535
0.0180534
0.00824387
0.00562372
0.00757285
0.00587935
0.197917
0.0444785
0.0226547
0.101163
0.0031953
0.0016296
0.00236452
0.00354678
0.00226866
0.00166155
0.00236452
0.00191718
0.00134202
0.000798824
0.00150179
0.00131007
0.00293967
0.000798824
0.0016296
0.00249233
0.0223351
0.00191718
0.010193
0.00968175
0.0064545
0.00137398
0.00354678
0.00322725
0.00690184
0.00127812
0.00316334
0.00357873
0.00933027
0.00166155
0.00440951
0.00476099
0.000830777
0.000575153
0.000734918
0.00124617
0.000639059
0.000383436
0.000702965
0.00086273
0.000351483
0.000191718
0.000734918
0.000607106
0.00102249
0.00031953
0.00102249
0.00230061
